Probes,1,2,3,4,5,6,7,8,9,10,11,12,13,14,15,16,17,18,19,20,21,22,23,24,25,26,27,28,29,30,31,32,33,34,35
1,0,27.947965,40.4664396667,17.6662683333,16.9178266667,20.0309683333,24.93748,22.6676633333,16.50866,14.29015,19.93375,149.4885683333,156.602415,173.2107733333,172.424995,179.9024916667,163.76719,166.5867766667,141.20434,141.3458203333,135.85477,122.4817633333,134.9957966667,143.83814,108.9317316667,2000,109.84818,95.8928216667,111.07159,113.5223533333,243.30361,184.3228516667,222.0658,255.1113333333,62.6729616667
2,27.947965,0,12.7088663333,19.91901,16.8364766667,19.696615,28.438115,26.9408386667,34.00685,41.0320066667,34.056335,151.7484666667,167.5874483333,165.20158,173.3167166667,169.2589216667,160.406695,159.1673183333,142.9667983333,143.648669,136.4272116667,133.013825,125.48335,144.7329283333,97.3962983333,2000,91.0132016667,97.8290633333,109.1346966667,104.7184233333,244.1395966667,184.6503466667,317.5410383333,262.1562,66.8334183333
3,40.4664396667,12.7088663333,0,12.38251,9.4195816667,10.86624,32.3794483333,21.601141,36.2083533333,21.2838166667,48.2168583333,139.3479633333,139.4250466667,154.4532933333,160.03161,160.349835,157.5539,160.2534966667,135.9047883333,175.693091,122.9105883333,129.7417766667,123.6664383333,144.0824783333,109.8143033333,2000,106.018935,95.7952533333,101.3986416667,99.1467,226.3495783333,175.6126266667,332.4509966667,245.67533,59.3120633333
4,17.6662683333,19.91901,12.38251,0,9.5676166667,8.5488266667,36.5456316667,19.199726,34.9311633333,31.763665,54.5333916667,134.5968433333,151.0111066667,158.2719933333,170.860765,173.28878,156.0921883333,157.7131216667,148.7341116667,145.7359653333,156.7752433333,130.9335033333,132.5817416667,154.8788683333,118.57128,2000,108.36089,120.6123083333,122.2580433333,118.352305,236.71143,174.0078016667,349.25313,235.1184683333,52.9861083333
5,16.9178266667,16.8364766667,9.4195816667,9.5676166667,0,12.7763916667,35.4506466667,13.7744553333,30.0755583333,30.8369216667,28.937135,140.9850733333,152.309025,164.4022733333,189.6687866667,177.7122766667,171.27414,170.41561,145.7574883333,154.4655673333,144.4232666667,137.8787116667,135.358325,155.216415,123.8209683333,2000,114.8119216667,109.6462866667,124.0371966667,115.9062,237.296905,174.291145,269.290765,230.680055,53.02766
6,20.0309683333,19.696615,10.86624,8.5488266667,12.7763916667,0,38.686095,16.14497,17.5906816667,30.3485116667,48.5681833333,139.9389583333,151.5363816667,169.8097233333,185.6038466667,179.5541,160.65135,165.7549066667,147.61032,191.9885183333,147.9960916667,137.1592583333,116.958055,150.68133,125.9446266667,2000,125.0984033333,102.9265583333,119.6823666667,117.4395866667,248.0869066667,173.1379916667,243.6251516667,248.8221916667,57.2221933333
7,24.93748,28.438115,32.3794483333,36.5456316667,35.4506466667,38.686095,0,1.7720413333,21.0358133333,29.2923316667,53.3154133333,163.0469383333,189.36791,178.8979616667,196.4793683333,190.7127683333,188.2289216667,184.9029983333,158.6833583333,162.3260483333,151.329765,127.5945883333,149.552565,166.323995,117.7760883333,2000,126.27701,114.4960266667,125.7372016667,138.849475,245.7062116667,182.754135,265.6279366667,275.6418583333,66.9222116667
8,22.6676633333,26.9408386667,21.601141,19.199726,13.7744553333,16.14497,1.7720413333,0,29.443765,21.2406883333,23.4798816667,155.46691,176.5501633333,181.7700633333,185.6193566667,188.2940533333,171.2547233333,172.4425433333,169.8531333333,145.020189,157.63687,123.8224433333,138.7343783333,159.6977133333,116.541905,2000,123.3911683333,116.1642433333,129.6873683333,119.15096,244.08439,242.1781233333,428.5977633333,373.983365,61.346835
9,16.50866,34.00685,36.2083533333,34.9311633333,30.0755583333,17.5906816667,21.0358133333,29.443765,0,31.99576,48.905085,140.5927183333,166.6869583333,175.4830616667,187.55671,182.81709,164.99908,166.1240183333,151.1693616667,136.3609873333,167.7363983333,123.526785,132.036235,156.5694616667,108.4360333333,2000,119.7999233333,109.51844,132.1846866667,139.4221733333,236.305195,174.6783833333,388.1843716667,350.3924666667,55.252625
10,14.29015,41.0320066667,21.2838166667,31.763665,30.8369216667,30.3485116667,29.2923316667,21.2406883333,31.99576,0,48.4184733333,150.89428,172.982015,196.74789,193.52121,195.86975,178.8436583333,176.83748,168.4353833333,144.0256286667,144.6714116667,183.10744,124.0225416667,149.5805866667,154.9689566667,2000,103.5919083333,110.9406716667,118.3355233333,136.871425,254.8665283333,254.0122316667,349.5182683333,192.62335,48.2839533333
11,19.93375,34.056335,48.2168583333,54.5333916667,28.937135,48.5681833333,53.3154133333,23.4798816667,48.905085,48.4184733333,0,164.3186883333,186.1439733333,183.1978966667,214.412895,193.083925,191.5396016667,204.008895,176.4346633333,167.9534416667,169.72849,143.1466933333,127.1595716667,164.2707983333,114.79218,2000,120.7823166667,108.5175516667,126.2966316667,145.0833766667,256.0382116667,181.2529683333,367.058215,296.0182966667,61.486845
12,149.4885683333,151.7484666667,139.3479633333,134.5968433333,140.9850733333,139.9389583333,163.0469383333,155.46691,140.5927183333,150.89428,164.3186883333,0,11.64024,11.3754816667,68.6885816667,87.92526,55.1949183333,83.643785,33.162755,108.7979736667,88.9692783333,84.8305483333,91.23529,103.04118,91.1580533333,2000,80.8908016667,84.14021,106.96284,103.6602783333,199.6213666667,187.46609,291.8207425,119.79148,215.6761633333
13,156.602415,167.5874483333,139.4250466667,151.0111066667,152.309025,151.5363816667,189.36791,176.5501633333,166.6869583333,172.982015,186.1439733333,11.64024,0,49.9327783333,67.5080783333,86.2413933333,49.3905433333,85.18592,35.5388633333,105.6381653333,81.3559683333,99.7088983333,102.0678633333,112.108905,72.605685,2000,93.3788366667,92.0527233333,115.202975,127.6548716667,219.7854933333,185.2554033333,413.444395,129.6476933333,233.339785
14,173.2107733333,165.20158,154.4532933333,158.2719933333,164.4022733333,169.8097233333,178.8979616667,181.7700633333,175.4830616667,196.74789,183.1978966667,11.3754816667,49.9327783333,0,73.8796733333,88.415615,52.1705683333,96.4216216667,42.1161866667,90.803474,109.7256383333,88.885225,117.3019116667,118.966375,100.5839416667,2000,84.6388083333,103.4532066667,123.4840033333,99.2595883333,233.1441533333,190.91839,257.985275,103.0209216667,223.1793033333
15,172.424995,173.3167166667,160.03161,170.860765,189.6687866667,185.6038466667,196.4793683333,185.6193566667,187.55671,193.52121,214.412895,68.6885816667,67.5080783333,73.8796733333,0,49.6488216667,44.3772116667,34.300415,58.58335,122.6688246667,73.3271566667,79.2793983333,110.2845516667,121.7924866667,92.067705,2000,106.149245,113.1300116667,111.7337033333,110.50854,221.6899733333,193.858165,340.884845,140.9938166667,234.544355
16,179.9024916667,169.2589216667,160.349835,173.28878,177.7122766667,179.5541,190.7127683333,188.2940533333,182.81709,195.86975,193.083925,87.92526,86.2413933333,88.415615,49.6488216667,0,46.3692783333,35.9920366667,40.34419,161.9205446667,96.9931983333,83.0582233333,110.1749233333,126.1287483333,83.4163566667,2000,100.4443033333,109.710015,114.4198266667,98.4697083333,206.5930216667,236.1698316667,2000,128.5592616667,215.9764566667
17,163.76719,160.406695,157.5539,156.0921883333,171.27414,160.65135,188.2289216667,171.2547233333,164.99908,178.8436583333,191.5396016667,55.1949183333,49.3905433333,52.1705683333,44.3772116667,46.3692783333,0,27.34242,20.7073416667,73.651215,69.07981,66.5261916667,90.87411,130.2950083333,68.685925,2000,88.0341483333,98.9678866667,100.15226,98.07664,195.1105933333,177.2574866667,160.17999,137.64346,203.5579183333
18,166.5867766667,159.1673183333,160.2534966667,157.7131216667,170.41561,165.7549066667,184.9029983333,172.4425433333,166.1240183333,176.83748,204.008895,83.643785,85.18592,96.4216216667,34.300415,35.9920366667,27.34242,0,37.624615,84.805649,82.109775,58.1158216667,114.800975,134.4148933333,76.4449183333,2000,91.5631216667,112.74814,91.6492883333,106.28803,200.1453416667,181.8744066667,159.5374933333,135.4961433333,210.1527516667
19,141.20434,142.9667983333,135.9047883333,148.7341116667,145.7574883333,147.61032,158.6833583333,169.8531333333,151.1693616667,168.4353833333,176.4346633333,33.162755,35.5388633333,42.1161866667,58.58335,40.34419,20.7073416667,37.624615,0,78.6526876667,60.6419083333,58.55143,74.4277816667,96.59816,84.0477633333,2000,69.4547816667,79.120755,80.8114,71.9287983333,177.7589466667,152.2945566667,197.8795483333,117.40914,198.2221516667
20,141.3458203333,143.648669,175.693091,145.7359653333,154.4655673333,191.9885183333,162.3260483333,145.020189,136.3609873333,144.0256286667,167.9534416667,108.7979736667,105.6381653333,90.803474,122.6688246667,161.9205446667,73.651215,84.805649,78.6526876667,0,44.144805,54.173465,58.173335,77.1536275,65.3098825,2000,55.447425,77.4170366667,48.360845,74.3671425,164.90206,208.869965,318.677745,160.390385,174.082615
21,135.85477,136.4272116667,122.9105883333,156.7752433333,144.4232666667,147.9960916667,151.329765,157.63687,167.7363983333,144.6714116667,169.72849,88.9692783333,81.3559683333,109.7256383333,73.3271566667,96.9931983333,69.07981,82.109775,60.6419083333,44.144805,0,48.17301,55.7926233333,135.9413716667,37.7803783333,2000,62.2720916667,68.7580566667,86.3406916667,70.6085033333,196.48217,219.5948583333,240.4605716667,192.6199183333,195.8691066667
22,122.4817633333,133.013825,129.7417766667,130.9335033333,137.8787116667,137.1592583333,127.5945883333,123.8224433333,123.526785,183.10744,143.1466933333,84.8305483333,99.7088983333,88.885225,79.2793983333,83.0582233333,66.5261916667,58.1158216667,58.55143,54.173465,48.17301,0,53.346635,135.1348066667,37.31995,2000,45.2412233333,77.0188166667,81.677705,59.8175066667,177.3528533333,282.2655816667,202.3471,340.8069083333,152.9012933333
23,134.9957966667,125.48335,123.6664383333,132.5817416667,135.358325,116.958055,149.552565,138.7343783333,132.036235,124.0225416667,127.1595716667,91.23529,102.0678633333,117.3019116667,110.2845516667,110.1749233333,90.87411,114.800975,74.4277816667,58.173335,55.7926233333,53.346635,0,62.84498,41.8638483333,2000,42.3443783333,45.58284,39.29443,60.77728,149.504045,230.39177,296.6823475,352.1420333333,160.7940016667
24,143.83814,144.7329283333,144.0824783333,154.8788683333,155.216415,150.68133,166.323995,159.6977133333,156.5694616667,149.5805866667,164.2707983333,103.04118,112.108905,118.966375,121.7924866667,126.1287483333,130.2950083333,134.4148933333,96.59816,77.1536275,135.9413716667,135.1348066667,62.84498,0,55.5411766667,2000,65.4833233333,72.3874533333,65.7931416667,85.165775,145.727185,248.4919133333,319.2868716667,365.23847,191.3459283333
25,108.9317316667,97.3962983333,109.8143033333,118.57128,123.8209683333,125.9446266667,117.7760883333,116.541905,108.4360333333,154.9689566667,114.79218,91.1580533333,72.605685,100.5839416667,92.067705,83.4163566667,68.685925,76.4449183333,84.0477633333,65.3098825,37.7803783333,37.31995,41.8638483333,55.5411766667,0,2000,29.6243483333,41.7130216667,59.57498,42.8579033333,156.15986,232.5175883333,285.541775,155.9516233333,172.8360166667
26,2000,2000,2000,2000,2000,2000,2000,2000,2000,2000,2000,2000,2000,2000,2000,2000,2000,2000,2000,2000,2000,2000,2000,2000,2000,0,23.333825,22.1879916667,39.4366083333,38.08621,147.4757783333,228.0719566667,339.013435,342.9563083333,132.7504216667
27,109.84818,91.0132016667,106.018935,108.36089,114.8119216667,125.0984033333,126.27701,123.3911683333,119.7999233333,103.5919083333,120.7823166667,80.8908016667,93.3788366667,84.6388083333,106.149245,100.4443033333,88.0341483333,91.5631216667,69.4547816667,55.447425,62.2720916667,45.2412233333,42.3443783333,65.4833233333,29.6243483333,23.333825,0,35.067755,51.46652,47.2321033333,162.2997066667,232.13474,366.17908,184.9022016667,137.7112466667
28,95.8928216667,97.8290633333,95.7952533333,120.6123083333,109.6462866667,102.9265583333,114.4960266667,116.1642433333,109.51844,110.9406716667,108.5175516667,84.14021,92.0527233333,103.4532066667,113.1300116667,109.710015,98.9678866667,112.74814,79.120755,77.4170366667,68.7580566667,77.0188166667,45.58284,72.3874533333,41.7130216667,22.1879916667,35.067755,0,50.882525,41.79571,152.2218083333,235.2569116667,251.5398966667,194.6980116667,145.0012166667
29,111.07159,109.1346966667,101.3986416667,122.2580433333,124.0371966667,119.6823666667,125.7372016667,129.6873683333,132.1846866667,118.3355233333,126.2966316667,106.96284,115.202975,123.4840033333,111.7337033333,114.4198266667,100.15226,91.6492883333,80.8114,48.360845,86.3406916667,81.677705,39.29443,65.7931416667,59.57498,39.4366083333,51.46652,50.882525,0,66.6000533333,151.3285233333,237.9612733333,309.4533866667,352.017945,146.0894666667
30,113.5223533333,104.7184233333,99.1467,118.352305,115.9062,117.4395866667,138.849475,119.15096,139.4221733333,136.871425,145.0833766667,103.6602783333,127.6548716667,99.2595883333,110.50854,98.4697083333,98.07664,106.28803,71.9287983333,74.3671425,70.6085033333,59.8175066667,60.77728,85.165775,42.8579033333,38.08621,47.2321033333,41.79571,66.6000533333,0,2000,251.4130383333,240.406545,193.6666525,2000
31,243.30361,244.1395966667,226.3495783333,236.71143,237.296905,248.0869066667,245.7062116667,244.08439,236.305195,254.8665283333,256.0382116667,199.6213666667,219.7854933333,233.1441533333,221.6899733333,206.5930216667,195.1105933333,200.1453416667,177.7589466667,164.90206,196.48217,177.3528533333,149.504045,145.727185,156.15986,147.4757783333,162.2997066667,152.2218083333,151.3285233333,2000,0,345.797155,342.7941666667,381.6787716667,273.33519
32,184.3228516667,184.6503466667,175.6126266667,174.0078016667,174.291145,173.1379916667,182.754135,242.1781233333,174.6783833333,254.0122316667,181.2529683333,187.46609,185.2554033333,190.91839,193.858165,236.1698316667,177.2574866667,181.8744066667,152.2945566667,208.869965,219.5948583333,282.2655816667,230.39177,248.4919133333,232.5175883333,228.0719566667,232.13474,235.2569116667,237.9612733333,251.4130383333,345.797155,0,60.7628116667,89.9023166667,304.40149
33,222.0658,317.5410383333,332.4509966667,349.25313,269.290765,243.6251516667,265.6279366667,428.5977633333,388.1843716667,349.5182683333,367.058215,291.8207425,413.444395,257.985275,340.884845,2000,160.17999,159.5374933333,197.8795483333,318.677745,240.4605716667,202.3471,296.6823475,319.2868716667,285.541775,339.013435,366.17908,251.5398966667,309.4533866667,240.406545,342.7941666667,60.7628116667,0,145.7241383333,366.5096583333
34,255.1113333333,262.1562,245.67533,235.1184683333,230.680055,248.8221916667,275.6418583333,373.983365,350.3924666667,192.62335,296.0182966667,119.79148,129.6476933333,103.0209216667,140.9938166667,128.5592616667,137.64346,135.4961433333,117.40914,160.390385,192.6199183333,340.8069083333,352.1420333333,365.23847,155.9516233333,342.9563083333,184.9022016667,194.6980116667,352.017945,193.6666525,381.6787716667,89.9023166667,145.7241383333,0,310.0493983333
35,62.6729616667,66.8334183333,59.3120633333,52.9861083333,53.02766,57.2221933333,66.9222116667,61.346835,55.252625,48.2839533333,61.486845,215.6761633333,233.339785,223.1793033333,234.544355,215.9764566667,203.5579183333,210.1527516667,198.2221516667,174.082615,195.8691066667,152.9012933333,160.7940016667,191.3459283333,172.8360166667,132.7504216667,137.7112466667,145.0012166667,146.0894666667,2000,273.33519,304.40149,366.5096583333,310.0493983333,0
