Probes,1,2,3,4,5,6,7,8,9,10
1,0,28.0624366667,16.3509793333,17.720775,16.4827183333,19.9593316667,25.00532,22.610851,16.9193716667,14.3440733333
2,28.0624366667,0,11.958274,20.2817733333,17.2567166667,19.696045,28.799735,26.9604583333,43.49351,41.2520866667
3,16.3509793333,11.958274,0,12.2973366667,9.3937916667,14.9519333333,24.0468775,21.564125,21.96711,21.1403433333
4,17.720775,20.2817733333,12.2973366667,0,6.378315,13.259995,23.7790366667,19.2256533333,52.95231,31.3530266667
5,16.4827183333,17.2567166667,9.3937916667,6.378315,0,13.0633683333,29.698115,13.88779,20.8667116667,31.12178
6,19.9593316667,19.696045,14.9519333333,13.259995,13.0633683333,0,31.3926675,16.3398163333,16.6126,41.02622
7,25.00532,28.799735,24.0468775,23.7790366667,29.698115,31.3926675,0,1.7100253333,21.0488266667,40.6232833333
8,22.610851,26.9604583333,21.564125,19.2256533333,13.88779,16.3398163333,1.7100253333,0,19.0740716667,20.3749033333
9,16.9193716667,43.49351,21.96711,52.95231,20.8667116667,16.6126,21.0488266667,19.0740716667,0,33.1213416667
10,14.3440733333,41.2520866667,21.1403433333,31.3530266667,31.12178,41.02622,40.6232833333,20.3749033333,33.1213416667,0
