Probes,1,2,3,4,5,6,7,8,9,10,11,12,13,14,15,16,17,18,19,20,21,22,23,24,25,26,27,28,29,30,31,32,33,34,35
1,0,28.18175,10.0369943333,17.6181033333,17.1490066667,20.1130816667,24.9690066667,22.426388,16.4981266667,14.142595,2000,150.3321766667,157.7336683333,172.137935,175.0772833333,178.8517933333,164.4893066667,166.9544716667,140.400975,140.653084,133.8508516667,121.922605,128.2923033333,146.8463,108.73707,2000,110.6219583333,95.73272,108.7711166667,111.6709233333,237.63065,184.6726316667,218.0159333333,265.2475983333,61.69145
2,28.18175,0,19.121412,19.7551933333,19.4046433333,23.2669716667,28.3304566667,2000,42.4454216667,41.02138,2000,151.74989,166.401175,164.711185,167.79434,171.544035,159.5471825,158.68261,145.4197616667,189.255718,134.70516,132.9105566667,123.7403433333,145.751115,125.799455,2000,90.590485,97.2335316667,111.5986766667,101.616945,245.19444,184.7292483333,318.308785,262.1379783333,60.2157783333
3,10.0369943333,19.121412,0,13.5409216667,9.3706883333,11.2511916667,18.49871,2000,27.29474,21.27241,2000,125.5898416667,137.7285533333,154.2249616667,158.4524916667,153.8806433333,2000,169.7570375,131.1808966667,135.7358353333,122.7807183333,132.1022075,117.67349,140.5090116667,93.628535,2000,84.7578066667,100.6796633333,99.40266,98.9905033333,224.90374,175.488955,335.0693025,239.7080116667,47.7824133333
4,17.6181033333,19.7551933333,13.5409216667,0,6.4876716667,8.5608033333,22.4501016667,2000,23.76723,31.3299083333,2000,134.0953666667,151.20357,158.0424466667,171.1096233333,170.355795,157.1337766667,157.013625,148.58142,146.4041256667,156.5911583333,131.0747916667,128.2999216667,148.6944216667,102.3156416667,2000,104.3388383333,120.5932466667,119.4359483333,120.5868533333,236.825685,174.3591383333,346.7427816667,230.9416883333,45.8763916667
5,17.1490066667,19.4046433333,9.3706883333,6.4876716667,0,8.34953,28.8995833333,2000,21.28066,30.6537683333,2000,140.8182383333,149.0503216667,174.579575,183.853185,176.5315416667,171.17443,170.93636,145.35573,147.7911336667,146.5259266667,135.7364816667,131.0231816667,153.622615,117.8622283333,2000,113.177735,105.879025,124.0116433333,113.7482666667,236.53316,174.3792516667,261.9219866667,230.0703666667,45.4056966667
6,20.1130816667,23.2669716667,11.2511916667,8.5608033333,8.34953,0,35.8046016667,2000,17.8307016667,30.2797666667,2000,140.03727,146.629935,171.0985266667,185.32846,179.1136333333,161.8348566667,164.2972383333,147.7001716667,147.6577576667,147.6815233333,135.1896516667,115.252145,145.168205,119.5940516667,2000,112.4516133333,98.3691633333,120.7582233333,117.4886816667,249.79968,173.3302716667,249.5656383333,270.6651433333,51.7384933333
7,24.9690066667,28.3304566667,18.49871,22.4501016667,28.8995833333,35.8046016667,0,2000,22.4048516667,30.0142083333,2000,163.03188,188.796375,179.17409,198.8939233333,191.785425,185.5606633333,188.1236933333,159.1366266667,159.442208,150.7339533333,127.739725,138.1001516667,166.7571066667,125.7796,2000,111.9446583333,125.22775,129.6298566667,132.05796,246.4740433333,182.8853516667,257.98148,275.727825,56.80992
8,22.426388,2000,2000,2000,2000,2000,2000,0,22.9368983333,33.0607683333,2000,155.0653483333,176.3220583333,182.0593416667,189.1932183333,188.1124733333,168.8373733333,174.0543916667,180.5042283333,154.228255,157.6956916667,123.3679,133.58594,161.855575,124.51196,2000,110.8300966667,126.872805,136.395735,119.96912,243.885275,242.1607566667,349.0932166667,274.6571933333,57.812405
9,16.4981266667,42.4454216667,27.29474,23.76723,21.28066,17.8307016667,22.4048516667,22.9368983333,0,24.5265066667,2000,140.5715216667,167.2973933333,174.811415,184.5907916667,182.4706883333,165.5305733333,166.7240133333,150.7906466667,140.86198,167.590425,123.59487,125.3621916667,157.33643,108.464825,2000,106.8504466667,121.8108283333,142.9851116667,124.5566716667,238.3588333333,174.7163283333,336.8491033333,260.3110483333,66.1589866667
10,14.142595,41.02138,21.27241,31.3299083333,30.6537683333,30.2797666667,30.0142083333,33.0607683333,24.5265066667,0,2000,2000,174.8628966667,195.8324816667,195.904835,198.03647,180.5490333333,179.4158016667,168.915435,163.538465,145.7258933333,184.2293733333,123.9949033333,149.095035,156.2668133333,2000,104.8441733333,121.07433,124.076085,126.47056,245.6613083333,254.1468516667,410.4259933333,192.8541466667,58.3608933333
11,2000,2000,2000,2000,2000,2000,2000,2000,2000,2000,0,2000,179.787515,173.256605,209.6150083333,190.4929316667,203.4196216667,206.3646233333,175.994575,194.1041026667,170.18083,141.0646733333,157.9050983333,182.0256033333,114.8406533333,2000,107.3190483333,117.5323316667,123.3777416667,136.8416033333,251.78256,179.0255316667,427.970805,301.5201616667,62.5164233333
12,150.3321766667,151.74989,125.5898416667,134.0953666667,140.8182383333,140.03727,163.03188,155.0653483333,140.5715216667,2000,2000,0,9.80341,32.260335,45.6749933333,43.86513,49.348225,43.9069016667,30.2325266667,148.4831016667,83.53339,88.2729066667,91.0573233333,106.4682216667,71.2965083333,2000,77.1317766667,83.5513983333,105.344575,89.5742016667,2000,173.439495,253.333415,119.4949183333,201.1490233333
13,157.7336683333,166.401175,137.7285533333,151.20357,149.0503216667,146.629935,188.796375,176.3220583333,167.2973933333,174.8628966667,179.787515,9.80341,0,47.616495,39.0483183333,44.6527916667,39.8811233333,36.8519683333,35.7407383333,93.678355,80.4129166667,98.678715,99.3200683333,115.5836916667,75.1758266667,2000,94.6362766667,102.2549666667,114.2408933333,113.33559,216.3803433333,184.41001,405.5310366667,262.5729466667,221.1286116667
14,172.137935,164.711185,154.2249616667,158.0424466667,174.579575,171.0985266667,179.17409,182.0593416667,174.811415,195.8324816667,173.256605,32.260335,47.616495,0,44.407145,50.5823883333,40.75002,44.83101,42.0473183333,120.307992,110.892515,78.1649333333,99.0331383333,134.9973283333,100.99674,2000,81.1290016667,100.81051,119.0950666667,102.3395916667,228.73931,189.4993866667,472.79199,244.0444516667,220.6047416667
15,175.0772833333,167.79434,158.4524916667,171.1096233333,183.853185,185.32846,198.8939233333,189.1932183333,184.5907916667,195.904835,209.6150083333,45.6749933333,39.0483183333,44.407145,0,45.60009,35.8933233333,28.9428133333,34.1284916667,83.4944173333,65.3477933333,84.6601433333,102.4172283333,120.8602516667,85.467845,2000,97.0200366667,108.2092716667,109.5496383333,104.3804983333,210.6916333333,190.8360383333,371.1591383333,140.2214083333,229.266585
16,178.8517933333,171.544035,153.8806433333,170.355795,176.5315416667,179.1136333333,191.785425,188.1124733333,182.4706883333,198.03647,190.4929316667,43.86513,44.6527916667,50.5823883333,45.60009,0,34.7967583333,39.3292166667,32.7730583333,92.5476026667,94.626995,83.2276483333,111.1461,127.6454,81.119745,2000,99.4586183333,113.8057933333,113.51229,96.818865,2000,236.7491383333,366.4144,129.5918083333,215.50331
17,164.4893066667,159.5471825,2000,157.1337766667,171.17443,161.8348566667,185.5606633333,168.8373733333,165.5305733333,180.5490333333,203.4196216667,49.348225,39.8811233333,40.75002,35.8933233333,34.7967583333,0,32.8938583333,23.223805,79.5801763333,70.8600433333,64.64931,99.803615,118.3676466667,69.0655283333,2000,92.143535,101.68939,89.7229783333,99.812345,2000,173.6424366667,161.3234383333,135.0837183333,208.6251566667
18,166.9544716667,158.68261,169.7570375,157.013625,170.93636,164.2972383333,188.1236933333,174.0543916667,166.7240133333,179.4158016667,206.3646233333,43.9069016667,36.8519683333,44.83101,28.9428133333,39.3292166667,32.8938583333,0,21.34,118.2057193333,86.25938,58.780975,105.5355766667,117.545215,63.7932016667,2000,87.15128,102.5191216667,85.7529333333,105.96327,198.6969483333,178.0013316667,172.27141,137.76827,208.61181
19,140.400975,145.4197616667,131.1808966667,148.58142,145.35573,147.7001716667,159.1366266667,180.5042283333,150.7906466667,168.915435,175.994575,30.2325266667,35.7407383333,42.0473183333,34.1284916667,32.7730583333,23.223805,21.34,0,58.7788926667,57.3492883333,58.562885,68.4316433333,94.523835,88.7670483333,2000,72.9985566667,77.62873,84.1822516667,69.7141916667,178.9714516667,152.36976,400.2488516667,117.15421,201.2346716667
20,140.653084,189.255718,135.7358353333,146.4041256667,147.7911336667,147.6577576667,159.442208,154.228255,140.86198,163.538465,194.1041026667,148.4831016667,93.678355,120.307992,83.4944173333,92.5476026667,79.5801763333,118.2057193333,58.7788926667,0,31.843165,55.655115,57.5847766667,82.7857775,48.975455,2000,58.1653566667,60.7870475,48.2231883333,73.7542083333,2000,206.48648,276.7915783333,158.3725966667,165.9185683333
21,133.8508516667,134.70516,122.7807183333,156.5911583333,146.5259266667,147.6815233333,150.7339533333,157.6956916667,167.590425,145.7258933333,170.18083,83.53339,80.4129166667,110.892515,65.3477933333,94.626995,70.8600433333,86.25938,57.3492883333,31.843165,0,48.1999,53.622855,82.8102533333,34.9074533333,2000,62.1178266667,68.8801466667,86.1187216667,71.2076883333,2000,219.8604133333,452.0661416667,191.1969616667,196.4961433333
22,121.922605,132.9105566667,132.1022075,131.0747916667,135.7364816667,135.1896516667,127.739725,123.3679,123.59487,184.2293733333,141.0646733333,88.2729066667,98.678715,78.1649333333,84.6601433333,83.2276483333,64.64931,58.780975,58.562885,55.655115,48.1999,0,56.6127783333,86.6426266667,35.5734783333,2000,47.76456,77.7184816667,87.274,59.1274033333,2000,282.2753133333,415.062805,171.058015,152.960755
23,128.2923033333,123.7403433333,117.67349,128.2999216667,131.0231816667,115.252145,138.1001516667,133.58594,125.3621916667,123.9949033333,157.9050983333,91.0573233333,99.3200683333,99.0331383333,102.4172283333,111.1461,99.803615,105.5355766667,68.4316433333,57.5847766667,53.622855,56.6127783333,0,74.0800016667,37.92272,2000,53.2075333333,53.5360283333,62.970575,62.0212733333,145.2540116667,233.0040066667,463.0257233333,202.318725,154.4456266667
24,146.8463,145.751115,140.5090116667,148.6944216667,153.622615,145.168205,166.7571066667,161.855575,157.33643,149.095035,182.0256033333,106.4682216667,115.5836916667,134.9973283333,120.8602516667,127.6454,118.3676466667,117.545215,94.523835,82.7857775,82.8102533333,86.6426266667,74.0800016667,0,62.2301483333,2000,61.1092033333,78.4891116667,66.6403216667,87.6350566667,2000,251.522535,316.88334,205.4835533333,203.564185
25,108.73707,125.799455,93.628535,102.3156416667,117.8622283333,119.5940516667,125.7796,124.51196,108.464825,156.2668133333,114.8406533333,71.2965083333,75.1758266667,100.99674,85.467845,81.119745,69.0655283333,63.7932016667,88.7670483333,48.975455,34.9074533333,35.5734783333,37.92272,62.2301483333,0,2000,30.7055583333,40.1200683333,55.3659516667,41.550835,154.4657183333,232.4920483333,473.993555,142.1237516667,147.3016633333
26,2000,2000,2000,2000,2000,2000,2000,2000,2000,2000,2000,2000,2000,2000,2000,2000,2000,2000,2000,2000,2000,2000,2000,2000,2000,0,12.2560733333,29.5342833333,40.9798416667,38.6370533333,2000,228.16334,508.5341483333,172.2483233333,133.1896966667
27,110.6219583333,90.590485,84.7578066667,104.3388383333,113.177735,112.4516133333,111.9446583333,110.8300966667,106.8504466667,104.8441733333,107.3190483333,77.1317766667,94.6362766667,81.1290016667,97.0200366667,99.4586183333,92.143535,87.15128,72.9985566667,58.1653566667,62.1178266667,47.76456,53.2075333333,61.1092033333,30.7055583333,12.2560733333,0,34.044935,51.1836933333,50.4382033333,180.764225,231.208005,543.91557,185.6161683333,131.1759583333
28,95.73272,97.2335316667,100.6796633333,120.5932466667,105.879025,98.3691633333,125.22775,126.872805,121.8108283333,121.07433,117.5323316667,83.5513983333,102.2549666667,100.81051,108.2092716667,113.8057933333,101.68939,102.5191216667,77.62873,60.7870475,68.8801466667,77.7184816667,53.5360283333,78.4891116667,40.1200683333,29.5342833333,34.044935,0,46.5923666667,44.9962166667,2000,236.1357516667,255.39906,193.5469766667,144.093095
29,108.7711166667,111.5986766667,99.40266,119.4359483333,124.0116433333,120.7582233333,129.6298566667,136.395735,142.9851116667,124.076085,123.3777416667,105.344575,114.2408933333,119.0950666667,109.5496383333,113.51229,89.7229783333,85.7529333333,84.1822516667,48.2231883333,86.1187216667,87.274,62.970575,66.6403216667,55.3659516667,40.9798416667,51.1836933333,46.5923666667,0,61.1543616667,2000,233.320355,330.991485,186.8050833333,145.9885433333
30,111.6709233333,101.616945,98.9905033333,120.5868533333,113.7482666667,117.4886816667,132.05796,119.96912,124.5566716667,126.47056,136.8416033333,89.5742016667,113.33559,102.3395916667,104.3804983333,96.818865,99.812345,105.96327,69.7141916667,73.7542083333,71.2076883333,59.1274033333,62.0212733333,87.6350566667,41.550835,38.6370533333,50.4382033333,44.9962166667,61.1543616667,0,2000,252.8257233333,243.137125,2000,162.759695
31,237.63065,245.19444,224.90374,236.825685,236.53316,249.79968,246.4740433333,243.885275,238.3588333333,245.6613083333,251.78256,2000,216.3803433333,228.73931,210.6916333333,2000,2000,198.6969483333,178.9714516667,2000,2000,2000,145.2540116667,2000,154.4657183333,2000,180.764225,2000,2000,2000,0,347.36321,368.647985,378.894625,276.9032016667
32,184.6726316667,184.7292483333,175.488955,174.3591383333,174.3792516667,173.3302716667,182.8853516667,242.1607566667,174.7163283333,254.1468516667,179.0255316667,173.439495,184.41001,189.4993866667,190.8360383333,236.7491383333,173.6424366667,178.0013316667,152.36976,206.48648,219.8604133333,282.2753133333,233.0040066667,251.522535,232.4920483333,228.16334,231.208005,236.1357516667,233.320355,252.8257233333,347.36321,0,51.89449,57.5354466667,306.83015
33,218.0159333333,318.308785,335.0693025,346.7427816667,261.9219866667,249.5656383333,257.98148,349.0932166667,336.8491033333,410.4259933333,427.970805,253.333415,405.5310366667,472.79199,371.1591383333,366.4144,161.3234383333,172.27141,400.2488516667,276.7915783333,452.0661416667,415.062805,463.0257233333,316.88334,473.993555,508.5341483333,543.91557,255.39906,330.991485,243.137125,368.647985,51.89449,0,139.21376,372.6437483333
34,265.2475983333,262.1379783333,239.7080116667,230.9416883333,230.0703666667,270.6651433333,275.727825,274.6571933333,260.3110483333,192.8541466667,301.5201616667,119.4949183333,262.5729466667,244.0444516667,140.2214083333,129.5918083333,135.0837183333,137.76827,117.15421,158.3725966667,191.1969616667,171.058015,202.318725,205.4835533333,142.1237516667,172.2483233333,185.6161683333,193.5469766667,186.8050833333,2000,378.894625,57.5354466667,139.21376,0,316.542235
35,61.69145,60.2157783333,47.7824133333,45.8763916667,45.4056966667,51.7384933333,56.80992,57.812405,66.1589866667,58.3608933333,62.5164233333,201.1490233333,221.1286116667,220.6047416667,229.266585,215.50331,208.6251566667,208.61181,201.2346716667,165.9185683333,196.4961433333,152.960755,154.4456266667,203.564185,147.3016633333,133.1896966667,131.1759583333,144.093095,145.9885433333,162.759695,276.9032016667,306.83015,372.6437483333,316.542235,0
