Probes,1,2,3,4,5,6,7,8,9,10,11,12,13,14,15,16,17,18,19,20,21,22,23,24,25,26,27,28,29,30,31,32,33,34,35
1,0,28.0064816667,10.304514,17.5990416667,16.6301483333,20.40508,33.9492533333,22.5069153333,23.2086383333,14.1263616667,20.346865,150.19484,157.24263,172.8404933333,179.3133466667,180.520875,166.786335,168.2257233333,140.7787416667,177.5977316667,134.9266416667,121.831165,129.3010366667,143.5148316667,108.7761616667,2000,109.59714,95.8382983333,113.5823466667,109.9345666667,250.9478216667,184.6855666667,218.1333566667,276.1495833333,61.6107183333
2,28.0064816667,0,11.988738,19.950935,17.0452216667,19.5029383333,37.8147233333,26.8986353333,39.495035,40.8587366667,37.2151316667,151.59314,164.3867666667,165.2119683333,172.1234883333,170.6340533333,162.1014266667,160.0493083333,142.6931066667,214.1926826667,135.771275,132.907825,123.876415,144.9354783333,97.405685,2000,91.866155,96.15898,113.1824633333,105.418445,244.7804866667,184.6942283333,452.0829583333,260.2861616667,72.8630066667
3,10.304514,11.988738,0,12.5930383333,9.811745,11.17856,25.882325,21.5921765,21.26752,21.45965,25.7732625,139.4746,139.24153,154.3490675,162.4725266667,158.752695,157.9912966667,162.3704333333,135.9536816667,209.6622496667,125.95994,117.484905,121.483385,142.8469183333,94.3544475,2000,85.3631533333,91.2074966667,110.6033216667,101.56282,225.1337233333,175.74586,487.491755,245.8592933333,2000
4,17.5990416667,19.950935,12.5930383333,0,6.4219166667,11.096715,30.4595333333,19.257033,23.9498666667,31.3500516667,28.829475,134.246965,151.5305533333,157.5961366667,171.7119533333,171.8398266667,157.9525866667,158.6304266667,148.6296966667,246.8787693333,158.1732666667,131.08246,125.7219,153.8494116667,102.6687816667,2000,105.02519,121.505435,119.0873683333,118.4519,240.43327,174.276715,347.7212083333,255.255905,46.0717066667
5,16.6301483333,17.0452216667,9.811745,6.4219166667,0,5.606605,40.23423,13.787705,20.3505416667,30.8243833333,28.405315,140.981265,148.9737766667,174.565405,188.0741583333,178.3872316667,169.0003283333,170.862485,145.5870433333,297.2659796667,145.86731,135.8948266667,131.0069066667,152.331295,107.2261533333,2000,111.532605,105.4972433333,121.7787383333,112.3697583333,232.6825083333,174.358095,315.5606366667,252.28752,45.3841283333
6,20.40508,19.5029383333,11.17856,11.096715,5.606605,0,31.2974383333,16.185416,16.437405,31.8162833333,25.3133183333,140.0801083333,146.8538666667,170.6942383333,185.2079166667,178.2287883333,162.7283033333,166.4785366667,147.4042433333,171.5548506667,156.9258416667,135.2538,119.6319316667,144.3345983333,109.3375716667,2000,112.721995,131.8218083333,123.8037,116.5983883333,246.9141833333,173.2254016667,343.19568,270.71933,67.5872866667
7,33.9492533333,37.8147233333,25.882325,30.4595333333,40.23423,31.2974383333,0,1.5479943333,25.7797616667,31.311885,67.651295,163.12751,190.1671316667,181.1514983333,199.1689916667,192.7189216667,188.4252483333,187.3819083333,158.7769216667,169.684514,150.311405,127.693245,139.4376133333,166.98702,117.988745,2000,110.7647683333,142.6927716667,130.7183333333,139.1903783333,244.6369883333,182.751055,264.8726416667,275.9985733333,70.85764
8,22.5069153333,26.8986353333,21.5921765,19.257033,13.787705,16.185416,1.5479943333,0,23.3866666667,18.8536483333,70.5480783333,155.072805,177.08751,181.77734,189.1254133333,188.1923366667,170.740275,171.83482,172.4811433333,175.2696666667,156.8975416667,123.2956933333,134.20972,163.5053233333,116.8732766667,2000,111.8019566667,117.0027333333,131.92347,126.431535,243.726475,242.2213716667,351.9380816667,286.6747783333,57.8728216667
9,23.2086383333,39.495035,21.26752,23.9498666667,20.3505416667,16.437405,25.7797616667,23.3866666667,0,26.491655,22.0653583333,140.64449,166.4093933333,174.8062616667,188.6023866667,182.32255,166.648575,168.93418,150.8186483333,136.767259,182.3692583333,123.624195,127.0848116667,156.572735,110.2221366667,2000,106.8486183333,138.7377916667,129.0548316667,137.4593333333,240.20296,174.82561,2000,272.8328666667,69.9360183333
10,14.1263616667,40.8587366667,21.45965,31.3500516667,30.8243833333,31.8162833333,31.311885,18.8536483333,26.491655,0,16.6200166667,148.45534,172.5088966667,196.4798966667,189.5890366667,201.2685366667,180.0878816667,177.9881466667,169.7544983333,154.541343,145.4017966667,181.6870233333,130.5427266667,149.6555383333,154.8414533333,2000,103.0840733333,137.7747866667,121.802345,140.3776616667,250.489005,254.0932166667,2000,192.9317183333,71.5789583333
11,20.346865,37.2151316667,25.7732625,28.829475,28.405315,25.3133183333,67.651295,70.5480783333,22.0653583333,16.6200166667,0,176.3163816667,178.933785,173.9845466667,202.4974733333,189.16459,192.7100616667,201.9547383333,176.23483,159.010848,170.86323,144.3777866667,134.5075516667,177.877825,114.7969816667,2000,107.71835,108.8856116667,122.5305066667,134.2265,255.8585383333,179.0434316667,2000,301.5990633333,71.0482316667
12,150.19484,151.59314,139.4746,134.246965,140.981265,140.0801083333,163.12751,155.072805,140.64449,148.45534,176.3163816667,0,33.586865,10.6406,47.5696533333,48.8626016667,34.5132233333,32.2387816667,37.8600183333,284.278073,97.0756266667,89.410185,90.8995266667,103.419385,69.9593083333,2000,81.3897816667,85.1727383333,108.037965,74.5317016667,216.06949,173.3618216667,256.20825,119.7865566667,201.4331866667
13,157.24263,164.3867666667,139.24153,151.5305533333,148.9737766667,146.8538666667,190.1671316667,177.08751,166.4093933333,172.5088966667,178.933785,33.586865,0,54.3046633333,47.0876733333,52.3430966667,39.3038133333,38.237385,53.1192766667,194.819367,80.81107,98.7439366667,107.8293233333,113.1906716667,68.7332733333,2000,94.64541,93.3246883333,109.2854016667,110.7344283333,217.2222483333,184.7605916667,170.6602666667,134.7894066667,220.5164933333
14,172.8404933333,165.2119683333,154.3490675,157.5961366667,174.565405,170.6942383333,181.1514983333,181.77734,174.8062616667,196.4798966667,173.9845466667,10.6406,54.3046633333,0,53.99406,52.18995,45.7246983333,43.0711966667,50.88079,251.9414266667,112.8115316667,78.415045,105.4321433333,142.056285,101.94068,2000,84.0281466667,91.0791383333,118.6862416667,105.0887866667,230.83439,191.698015,2000,115.63264,220.627385
15,179.3133466667,172.1234883333,162.4725266667,171.7119533333,188.0741583333,185.2079166667,199.1689916667,189.1254133333,188.6023866667,189.5890366667,202.4974733333,47.5696533333,47.0876733333,53.99406,0,45.0125533333,35.6384816667,29.0015683333,49.6833983333,221.281836,79.09709,79.3449066667,113.248345,118.8443016667,90.2243933333,2000,97.23113,112.7520916667,109.70695,105.5195583333,216.1381333333,196.8372616667,2000,135.8916016667,236.6128316667
16,180.520875,170.6340533333,158.752695,171.8398266667,178.3872316667,178.2287883333,192.7189216667,188.1923366667,182.32255,201.2685366667,189.16459,48.8626016667,52.3430966667,52.18995,45.0125533333,0,39.3568533333,35.438825,32.59486,132.4462346667,96.7531816667,83.1618433333,106.6850966667,137.4239416667,81.009515,2000,101.3588116667,113.36039,113.4924783333,95.438705,206.8027016667,236.3507816667,2000,138.0755,216.1550266667
17,166.786335,162.1014266667,157.9912966667,157.9525866667,169.0003283333,162.7283033333,188.4252483333,170.740275,166.648575,180.0878816667,192.7100616667,34.5132233333,39.3038133333,45.7246983333,35.6384816667,39.3568533333,0,26.2447483333,30.0501266667,154.779423,71.0479516667,75.2476616667,96.1761033333,118.21713,64.99838,2000,88.5900466667,99.383415,98.7497233333,102.26158,198.6733966667,172.3757983333,2000,140.70326,208.9219266667
18,168.2257233333,160.0493083333,162.3704333333,158.6304266667,170.862485,166.4785366667,187.3819083333,171.83482,168.93418,177.9881466667,201.9547383333,32.2387816667,38.237385,43.0711966667,29.0015683333,35.438825,26.2447483333,0,54.74425,83.5561126667,88.2984033333,58.4900566667,97.7782616667,130.3781616667,64.673965,2000,88.697355,97.264075,90.0634816667,106.8664716667,220.7679616667,180.8696983333,162.86969,140.0682516667,207.6551583333
19,140.7787416667,142.6931066667,135.9536816667,148.6296966667,145.5870433333,147.4042433333,158.7769216667,172.4811433333,150.8186483333,169.7544983333,176.23483,37.8600183333,53.1192766667,50.88079,49.6833983333,32.59486,30.0501266667,54.74425,0,63.0694526667,67.3763666667,58.61562,70.1037783333,93.724255,86.7270816667,2000,74.6409116667,79.35128,81.3963883333,75.2814733333,193.2223766667,152.491685,2000,117.6624566667,201.3032816667
20,177.5977316667,214.1926826667,209.6622496667,246.8787693333,297.2659796667,171.5548506667,169.684514,175.2696666667,136.767259,154.541343,159.010848,284.278073,194.819367,251.9414266667,221.281836,132.4462346667,154.779423,83.5561126667,63.0694526667,0,51.637375,53.7978175,52.94526,76.99122,59.2028225,2000,66.995165,70.7683366667,49.8816983333,76.19373,159.1575033333,208.5408,2000,166.72047,162.9511666667
21,134.9266416667,135.771275,125.95994,158.1732666667,145.86731,156.9258416667,150.311405,156.8975416667,182.3692583333,145.4017966667,170.86323,97.0756266667,80.81107,112.8115316667,79.09709,96.7531816667,71.0479516667,88.2984033333,67.3763666667,51.637375,0,47.3878316667,50.5234416667,85.1912583333,34.7488433333,2000,66.89295,76.8535466667,84.1175066667,68.4585683333,196.282045,219.8757233333,231.812755,191.735765,196.3758766667
22,121.831165,132.907825,117.484905,131.08246,135.8948266667,135.2538,127.693245,123.2956933333,123.624195,181.6870233333,144.3777866667,89.410185,98.7439366667,78.415045,79.3449066667,83.1618433333,75.2476616667,58.4900566667,58.61562,53.7978175,47.3878316667,0,60.518305,83.82424,35.732495,2000,45.0466083333,77.8992083333,81.77568,59.7295333333,181.4280533333,282.24195,2000,170.4997566667,153.0686783333
23,129.3010366667,123.876415,121.483385,125.7219,131.0069066667,119.6319316667,139.4376133333,134.20972,127.0848116667,130.5427266667,134.5075516667,90.8995266667,107.8293233333,105.4321433333,113.248345,106.6850966667,96.1761033333,97.7782616667,70.1037783333,52.94526,50.5234416667,60.518305,0,65.9603416667,40.65268,2000,40.6469,45.7326066667,47.5701283333,63.6119883333,157.9114683333,237.1783433333,2000,194.108105,155.7121033333
24,143.5148316667,144.9354783333,142.8469183333,153.8494116667,152.331295,144.3345983333,166.98702,163.5053233333,156.572735,149.6555383333,177.877825,103.419385,113.1906716667,142.056285,118.8443016667,137.4239416667,118.21713,130.3781616667,93.724255,76.99122,85.1912583333,83.82424,65.9603416667,0,58.0193583333,2000,62.7888216667,71.84701,73.8746183333,82.423435,143.8725516667,248.7874966667,2000,211.024805,197.6207233333
25,108.7761616667,97.405685,94.3544475,102.6687816667,107.2261533333,109.3375716667,117.988745,116.8732766667,110.2221366667,154.8414533333,114.7969816667,69.9593083333,68.7332733333,101.94068,90.2243933333,81.009515,64.99838,64.673965,86.7270816667,59.2028225,34.7488433333,35.732495,40.65268,58.0193583333,0,2000,31.6053983333,40.2155183333,56.912395,36.8344883333,154.3798133333,232.4039066667,2000,142.124675,147.08239
26,2000,2000,2000,2000,2000,2000,2000,2000,2000,2000,2000,2000,2000,2000,2000,2000,2000,2000,2000,2000,2000,2000,2000,2000,2000,0,14.2863316667,29.3687666667,40.307845,36.327455,148.4719333333,226.7056966667,2000,172.3659533333,130.7332383333
27,109.59714,91.866155,85.3631533333,105.02519,111.532605,112.721995,110.7647683333,111.8019566667,106.8486183333,103.0840733333,107.71835,81.3897816667,94.64541,84.0281466667,97.23113,101.3588116667,88.5900466667,88.697355,74.6409116667,66.995165,66.89295,45.0466083333,40.6469,62.7888216667,31.6053983333,14.2863316667,0,29.2709883333,54.3510816667,44.1341466667,160.8452183333,230.684555,2000,182.3958583333,131.2932733333
28,95.8382983333,96.15898,91.2074966667,121.505435,105.4972433333,131.8218083333,142.6927716667,117.0027333333,138.7377916667,137.7747866667,108.8856116667,85.1727383333,93.3246883333,91.0791383333,112.7520916667,113.36039,99.383415,97.264075,79.35128,70.7683366667,76.8535466667,77.8992083333,45.7326066667,71.84701,40.2155183333,29.3687666667,29.2709883333,0,57.015695,43.55226,156.129415,234.9849366667,2000,193.6873983333,144.0544383333
29,113.5823466667,113.1824633333,110.6033216667,119.0873683333,121.7787383333,123.8037,130.7183333333,131.92347,129.0548316667,121.802345,122.5305066667,108.037965,109.2854016667,118.6862416667,109.70695,113.4924783333,98.7497233333,90.0634816667,81.3963883333,49.8816983333,84.1175066667,81.77568,47.5701283333,73.8746183333,56.912395,40.307845,54.3510816667,57.015695,0,62.5718266667,144.5841,234.1075733333,2000,187.64429,146.49601
30,109.9345666667,105.418445,101.56282,118.4519,112.3697583333,116.5983883333,139.1903783333,126.431535,137.4593333333,140.3776616667,134.2265,74.5317016667,110.7344283333,105.0887866667,105.5195583333,95.438705,102.26158,106.8664716667,75.2814733333,76.19373,68.4585683333,59.7295333333,63.6119883333,82.423435,36.8344883333,36.327455,44.1341466667,43.55226,62.5718266667,0,181.4514125,254.1719825,2000,2000,159.6896983333
31,250.9478216667,244.7804866667,225.1337233333,240.43327,232.6825083333,246.9141833333,244.6369883333,243.726475,240.20296,250.489005,255.8585383333,216.06949,217.2222483333,230.83439,216.1381333333,206.8027016667,198.6733966667,220.7679616667,193.2223766667,159.1575033333,196.282045,181.4280533333,157.9114683333,143.8725516667,154.3798133333,148.4719333333,160.8452183333,156.129415,144.5841,181.4514125,0,344.135315,2000,378.4641366667,272.9294433333
32,184.6855666667,184.6942283333,175.74586,174.276715,174.358095,173.2254016667,182.751055,242.2213716667,174.82561,254.0932166667,179.0434316667,173.3618216667,184.7605916667,191.698015,196.8372616667,236.3507816667,172.3757983333,180.8696983333,152.491685,208.5408,219.8757233333,282.24195,237.1783433333,248.7874966667,232.4039066667,226.7056966667,230.684555,234.9849366667,234.1075733333,254.1719825,344.135315,0,2000,58.9894733333,306.7842
33,218.1333566667,452.0829583333,487.491755,347.7212083333,315.5606366667,343.19568,264.8726416667,351.9380816667,2000,2000,2000,256.20825,170.6602666667,2000,2000,2000,2000,162.86969,2000,2000,231.812755,2000,2000,2000,2000,2000,2000,2000,2000,2000,2000,2000,0,142.3836733333,365.572295
34,276.1495833333,260.2861616667,245.8592933333,255.255905,252.28752,270.71933,275.9985733333,286.6747783333,272.8328666667,192.9317183333,301.5990633333,119.7865566667,134.7894066667,115.63264,135.8916016667,138.0755,140.70326,140.0682516667,117.6624566667,166.72047,191.735765,170.4997566667,194.108105,211.024805,142.124675,172.3659533333,182.3958583333,193.6873983333,187.64429,2000,378.4641366667,58.9894733333,142.3836733333,0,316.15766
35,61.6107183333,72.8630066667,2000,46.0717066667,45.3841283333,67.5872866667,70.85764,57.8728216667,69.9360183333,71.5789583333,71.0482316667,201.4331866667,220.5164933333,220.627385,236.6128316667,216.1550266667,208.9219266667,207.6551583333,201.3032816667,162.9511666667,196.3758766667,153.0686783333,155.7121033333,197.6207233333,147.08239,130.7332383333,131.2932733333,144.0544383333,146.49601,159.6896983333,272.9294433333,306.7842,365.572295,316.15766,0
