Probes,1,2,3,4,5,6,7,8,9,10,11,12,13,14,15,16,17,18,19,20,21,22,23,24,25,26,27,28,29,30,31,32,33,34,35
1,0,28.05033,40.8760403333,17.6161783333,16.7858816667,20.1199316667,25.11798,22.3982846667,16.5202983333,14.239075,25.7637766667,150.3866083333,228.843135,172.792125,175.76579,179.882505,165.3545033333,167.1215866667,140.7494016667,139.677468,135.0345516667,121.9278966667,131.3372266667,146.79758,108.777495,2000,109.1118016667,95.8091066667,112.386655,111.86879,237.0885833333,184.449605,218.1708575,265.5446916667,61.7899683333
2,28.05033,0,12.9320986667,33.1597283333,16.939925,19.4733866667,34.7430916667,26.9454516667,33.8328766667,41.0185033333,34.0975283333,151.9463666667,168.587695,166.01635,169.3352516667,169.3293633333,161.6854133333,158.64417,145.37701,273.0860073333,134.8418866667,130.9431833333,137.7038366667,145.1991616667,97.481955,2000,90.2885166667,97.9874966667,111.5391166667,109.4694133333,247.2176966667,184.8420283333,327.3296716667,262.9344716667,60.042495
3,40.8760403333,12.9320986667,0,12.3374683333,9.6263083333,12.6940316667,28.5840466667,21.6213663333,30.6579783333,21.3867733333,25.457935,125.7540633333,214.80494,154.785295,154.5103516667,153.3216133333,2000,169.442655,131.5327483333,139.1895313333,122.4371283333,129.9688633333,111.6472883333,140.6415233333,93.7392783333,2000,84.6544216667,96.3146666667,100.4715366667,97.519895,227.20277,175.7854866667,329.5673566667,239.6412033333,48.006005
4,17.6161783333,33.1597283333,12.3374683333,0,9.6463616667,12.5626016667,64.360715,19.242299,52.2472366667,37.48125,28.603325,134.1819466667,151.68772,158.646385,169.37907,170.944,157.8027716667,158.7098983333,152.0709566667,278.6652716667,160.235155,131.11117,125.3531183333,152.4335616667,102.3597033333,2000,103.234135,121.36969,118.53145,120.81822,237.446295,174.2004216667,404.81833,230.1888075,45.9914283333
5,16.7858816667,16.939925,9.6263083333,9.6463616667,0,9.6472116667,35.4340233333,13.8273103333,35.9660366667,39.0074616667,29.3048666667,140.92571,148.9846066667,174.740075,184.72902,175.9779766667,173.04219,172.1623483333,145.57852,273.8601506667,146.37473,135.9733366667,150.490775,155.29293,107.158635,2000,112.5775716667,108.6221083333,120.864375,118.4940266667,237.811045,174.4262816667,262.6520025,337.3484216667,45.3755116667
6,20.1199316667,19.4733866667,12.6940316667,12.5626016667,9.6472116667,0,76.2761516667,16.0828586667,16.5376333333,36.97546,33.6456866667,139.90636,146.6792816667,171.4419633333,188.4463833333,178.1534116667,160.3331533333,167.784835,147.5939833333,140.3681566667,148.6305383333,135.1437983333,114.686295,146.56716,109.3114633333,2000,112.028965,123.095145,121.174305,118.8564766667,250.9292933333,173.35067,243.1554466667,364.7687683333,51.7599366667
7,25.11798,34.7430916667,28.5840466667,64.360715,35.4340233333,76.2761516667,0,5.492347,36.6518416667,29.5338283333,32.9833066667,163.0017783333,188.779005,200.4913483333,198.293635,192.0999266667,186.176195,241.0186183333,158.903555,213.9136423333,152.968815,128.207975,142.0215233333,206.5008733333,122.13939,2000,111.67705,164.5286066667,127.216565,140.895745,247.6390616667,182.8049116667,265.0467366667,367.947955,56.71732
8,22.3982846667,26.9454516667,21.6213663333,19.242299,13.8273103333,16.0828586667,5.492347,0,35.0673516667,38.1331016667,36.2003616667,155.082405,176.747785,181.2297116667,187.736265,188.2126066667,172.0436966667,175.2680666667,175.7808183333,200.862248,158.0235783333,123.4052933333,134.1131583333,158.8598916667,116.5260566667,2000,110.1438583333,135.09868,133.8525533333,117.324545,243.607255,242.222155,355.1405733333,367.025585,57.7705316667
9,16.5202983333,33.8328766667,30.6579783333,52.2472366667,35.9660366667,16.5376333333,36.6518416667,35.0673516667,0,40.2673433333,42.45294,140.5828066667,166.337615,174.8449766667,187.60197,182.348885,207.5438916667,167.8528,150.8704516667,148.6850853333,158.8771983333,123.5358733333,123.648475,170.000735,115.8272283333,2000,119.7649683333,147.1503983333,140.6876233333,130.7726033333,236.170405,174.7143016667,350.6687883333,358.8824866667,84.97302
10,14.239075,41.0185033333,21.3867733333,37.48125,39.0074616667,36.97546,29.5338283333,38.1331016667,40.2673433333,0,20.9938116667,148.5614716667,175.0662166667,196.23929,190.1203016667,221.7510866667,180.5793066667,196.4024,170.0635166667,170.022946,145.8012383333,185.192725,124.6537166667,148.84056,156.301225,2000,103.28448,129.21626,127.0243533333,123.818965,251.9106516667,254.1173333333,421.0887966667,193.1432333333,59.8856983333
11,25.7637766667,34.0975283333,25.457935,28.603325,29.3048666667,33.6456866667,32.9833066667,36.2003616667,42.45294,20.9938116667,0,176.273875,179.52353,178.4616583333,212.9253416667,191.34741,215.166845,225.6692716667,176.113595,288.7025213333,173.3985833333,140.742285,149.2118,192.1609516667,120.1084333333,2000,107.7187866667,141.8127233333,124.6022866667,134.0548366667,253.4734233333,178.97534,446.2209466667,385.1710766667,87.1751633333
12,150.3866083333,151.9463666667,125.7540633333,134.1819466667,140.92571,139.90636,163.0017783333,155.082405,140.5828066667,148.5614716667,176.273875,0,18.9502983333,13.87378,63.8768883333,54.5592283333,34.8076566667,74.2485016667,33.0305566667,126.2658806667,88.7155216667,85.1705133333,100.1154933333,106.773775,76.7571383333,2000,89.668615,87.0027333333,121.12052,72.423875,214.039795,173.3926516667,343.50398,263.668655,201.20357
13,228.843135,168.587695,214.80494,151.68772,148.9846066667,146.6792816667,188.779005,176.747785,166.337615,175.0662166667,179.52353,18.9502983333,0,47.167675,42.645995,55.4380133333,41.7442283333,39.7887283333,54.0962033333,109.8386136667,82.27126,98.502075,94.271055,109.9182983333,100.7958733333,2000,93.012495,121.2625966667,120.0669316667,107.9587333333,220.484655,185.4287483333,170.7051333333,277.4836083333,220.8537966667
14,172.792125,166.01635,154.785295,158.646385,174.740075,171.4419633333,200.4913483333,181.2297116667,174.8449766667,196.23929,178.4616583333,13.87378,47.167675,0,68.8321666667,60.09314,45.6805883333,46.5496083333,52.8929766667,215.457323,112.8659683333,78.6616266667,96.8810883333,136.194025,110.6649033333,2000,101.9116933333,118.4442566667,126.670815,101.1371883333,228.8578716667,189.2773833333,272.0567333333,115.8001783333,220.7608833333
15,175.76579,169.3352516667,154.5103516667,169.37907,184.72902,188.4463833333,198.293635,187.736265,187.60197,190.1203016667,212.9253416667,63.8768883333,42.645995,68.8321666667,0,43.4420383333,46.72334,65.2586116667,42.2040066667,183.9562606667,76.575575,73.81897,110.11985,120.4829216667,85.0292466667,2000,103.879935,108.4156516667,119.5853033333,106.8857783333,219.5837366667,193.7612316667,384.443045,136.4957633333,229.603265
16,179.882505,169.3293633333,153.3216133333,170.944,175.9779766667,178.1534116667,192.0999266667,188.2126066667,182.348885,221.7510866667,191.34741,54.5592283333,55.4380133333,60.09314,43.4420383333,0,44.5594083333,68.85857,42.3615866667,161.0258243333,95.36359,83.1675583333,126.5228716667,122.91694,81.2411466667,2000,100.89854,113.7619383333,113.4204416667,100.2795783333,207.7978716667,236.5099233333,433.002945,129.9161966667,215.2626016667
17,165.3545033333,161.6854133333,2000,157.8027716667,173.04219,160.3331533333,186.176195,172.0436966667,207.5438916667,180.5793066667,215.166845,34.8076566667,41.7442283333,45.6805883333,46.72334,44.5594083333,0,37.813215,41.2745,116.4777196667,74.00946,66.9299633333,105.8686066667,116.0869783333,69.8388766667,2000,111.0647966667,98.0160983333,94.00897,121.12148,199.3167816667,176.802285,159.3618783333,139.5976133333,207.415145
18,167.1215866667,158.64417,169.442655,158.7098983333,172.1623483333,167.784835,241.0186183333,175.2680666667,167.8528,196.4024,225.6692716667,74.2485016667,39.7887283333,46.5496083333,65.2586116667,68.85857,37.813215,0,39.3208583333,80.9636003333,84.6979666667,87.2418216667,106.38726,122.8870733333,82.5709283333,2000,87.0536366667,122.336875,90.12254,102.2341966667,202.942155,177.8996416667,169.3641533333,133.3616033333,208.2835833333
19,140.7494016667,145.37701,131.5327483333,152.0709566667,145.57852,147.5939833333,158.903555,175.7808183333,150.8704516667,170.0635166667,176.113595,33.0305566667,54.0962033333,52.8929766667,42.2040066667,42.3615866667,41.2745,39.3208583333,0,75.7593753333,59.4986633333,58.6090066667,83.97444,94.6754316667,93.3571233333,2000,72.4961516667,78.1196733333,79.7825616667,71.778315,183.3307216667,157.4111633333,176.0580725,117.1910766667,206.6324933333
20,139.677468,273.0860073333,139.1895313333,278.6652716667,273.8601506667,140.3681566667,213.9136423333,200.862248,148.6850853333,170.022946,288.7025213333,126.2658806667,109.8386136667,215.457323,183.9562606667,161.0258243333,116.4777196667,80.9636003333,75.7593753333,0,36.0327616667,51.211455,55.0302825,2000,52.3526375,2000,61.696805,67.1674925,55.382855,75.74077,159.1722966667,208.7512266667,2000,160.2443116667,163.4326316667
21,135.0345516667,134.8418866667,122.4371283333,160.235155,146.37473,148.6305383333,152.968815,158.0235783333,158.8771983333,145.8012383333,173.3985833333,88.7155216667,82.27126,112.8659683333,76.575575,95.36359,74.00946,84.6979666667,59.4986633333,36.0327616667,0,49.173605,67.1588216667,82.82134,35.5321416667,2000,63.018335,68.8350383333,82.9087516667,67.18961,196.095095,220.933775,442.1590833333,194.95795,195.9019283333
22,121.9278966667,130.9431833333,129.9688633333,131.11117,135.9733366667,135.1437983333,128.207975,123.4052933333,123.5358733333,185.192725,140.742285,85.1705133333,98.502075,78.6616266667,73.81897,83.1675583333,66.9299633333,87.2418216667,58.6090066667,51.211455,49.173605,0,69.7756616667,83.752435,35.8626633333,2000,51.591555,77.8481583333,79.629185,63.8359216667,181.3547116667,282.2001816667,203.8957525,167.6153566667,153.11462
23,131.3372266667,137.7038366667,111.6472883333,125.3531183333,150.490775,114.686295,142.0215233333,134.1131583333,123.648475,124.6537166667,149.2118,100.1154933333,94.271055,96.8810883333,110.11985,126.5228716667,105.8686066667,106.38726,83.97444,55.0302825,67.1588216667,69.7756616667,0,63.0540416667,39.0027133333,2000,54.3714,46.9018733333,40.75216,67.54283,145.6688766667,261.6883866667,454.1918716667,189.64186,156.6788316667
24,146.79758,145.1991616667,140.6415233333,152.4335616667,155.29293,146.56716,206.5008733333,158.8598916667,170.000735,148.84056,192.1609516667,106.773775,109.9182983333,136.194025,120.4829216667,122.91694,116.0869783333,122.8870733333,94.6754316667,2000,82.82134,83.752435,63.0540416667,0,58.61425,2000,60.9254116667,71.519945,63.9481533333,83.8655483333,147.4869816667,251.0494166667,499.1428783333,201.7570716667,200.48773
25,108.777495,97.481955,93.7392783333,102.3597033333,107.158635,109.3114633333,122.13939,116.5260566667,115.8272283333,156.301225,120.1084333333,76.7571383333,100.7958733333,110.6649033333,85.0292466667,81.2411466667,69.8388766667,82.5709283333,93.3571233333,52.3526375,35.5321416667,35.8626633333,39.0027133333,58.61425,0,2000,41.121865,52.661925,59.2023816667,37.8213033333,154.2773833333,232.3682916667,471.0847266667,142.9082683333,147.1355883333
26,2000,2000,2000,2000,2000,2000,2000,2000,2000,2000,2000,2000,2000,2000,2000,2000,2000,2000,2000,2000,2000,2000,2000,2000,2000,0,54.1068666667,41.2270083333,54.818485,39.6499333333,145.1843783333,227.4202016667,326.8717775,172.1673683333,133.6609033333
27,109.1118016667,90.2885166667,84.6544216667,103.234135,112.5775716667,112.028965,111.67705,110.1438583333,119.7649683333,103.28448,107.7187866667,89.668615,93.012495,101.9116933333,103.879935,100.89854,111.0647966667,87.0536366667,72.4961516667,61.696805,63.018335,51.591555,54.3714,60.9254116667,41.121865,54.1068666667,0,23.4294933333,53.699715,45.2057933333,162.0493283333,231.7270883333,395.0256366667,184.1575583333,131.94317
28,95.8091066667,97.9874966667,96.3146666667,121.36969,108.6221083333,123.095145,164.5286066667,135.09868,147.1503983333,129.21626,141.8127233333,87.0027333333,121.2625966667,118.4442566667,108.4156516667,113.7619383333,98.0160983333,122.336875,78.1196733333,67.1674925,68.8350383333,77.8481583333,46.9018733333,71.519945,52.661925,41.2270083333,23.4294933333,0,53.4159383333,44.74768,152.182945,235.5579433333,252.3252416667,193.9899166667,143.92701
29,112.386655,111.5391166667,100.4715366667,118.53145,120.864375,121.174305,127.216565,133.8525533333,140.6876233333,127.0243533333,124.6022866667,121.12052,120.0669316667,126.670815,119.5853033333,113.4204416667,94.00897,90.12254,79.7825616667,55.382855,82.9087516667,79.629185,40.75216,63.9481533333,59.2023816667,54.818485,53.699715,53.4159383333,0,68.6512266667,147.2742066667,233.5926183333,328.352105,186.8070866667,144.9389433333
30,111.86879,109.4694133333,97.519895,120.81822,118.4940266667,118.8564766667,140.895745,117.324545,130.7726033333,123.818965,134.0548366667,72.423875,107.9587333333,101.1371883333,106.8857783333,100.2795783333,121.12148,102.2341966667,71.778315,75.74077,67.18961,63.8359216667,67.54283,83.8655483333,37.8213033333,39.6499333333,45.2057933333,44.74768,68.6512266667,0,176.109775,250.8542233333,237.4068383333,193.592915,161.79616
31,237.0885833333,247.2176966667,227.20277,237.446295,237.811045,250.9292933333,247.6390616667,243.607255,236.170405,251.9106516667,253.4734233333,214.039795,220.484655,228.8578716667,219.5837366667,207.7978716667,199.3167816667,202.942155,183.3307216667,159.1722966667,196.095095,181.3547116667,145.6688766667,147.4869816667,154.2773833333,145.1843783333,162.0493283333,152.182945,147.2742066667,176.109775,0,345.6252566667,345.0825583333,379.41543,273.096645
32,184.449605,184.8420283333,175.7854866667,174.2004216667,174.4262816667,173.35067,182.8049116667,242.222155,174.7143016667,254.1173333333,178.97534,173.3926516667,185.4287483333,189.2773833333,193.7612316667,236.5099233333,176.802285,177.8996416667,157.4111633333,208.7512266667,220.933775,282.2001816667,261.6883866667,251.0494166667,232.3682916667,227.4202016667,231.7270883333,235.5579433333,233.5926183333,250.8542233333,345.6252566667,0,53.9825483333,61.567605,306.819455
33,218.1708575,327.3296716667,329.5673566667,404.81833,262.6520025,243.1554466667,265.0467366667,355.1405733333,350.6687883333,421.0887966667,446.2209466667,343.50398,170.7051333333,272.0567333333,384.443045,433.002945,159.3618783333,169.3641533333,176.0580725,2000,442.1590833333,203.8957525,454.1918716667,499.1428783333,471.0847266667,326.8717775,395.0256366667,252.3252416667,328.352105,237.4068383333,345.0825583333,53.9825483333,0,134.6347483333,362.82244
34,265.5446916667,262.9344716667,239.6412033333,230.1888075,337.3484216667,364.7687683333,367.947955,367.025585,358.8824866667,193.1432333333,385.1710766667,263.668655,277.4836083333,115.8001783333,136.4957633333,129.9161966667,139.5976133333,133.3616033333,117.1910766667,160.2443116667,194.95795,167.6153566667,189.64186,201.7570716667,142.9082683333,172.1673683333,184.1575583333,193.9899166667,186.8070866667,193.592915,379.41543,61.567605,134.6347483333,0,316.097385
35,61.7899683333,60.042495,48.006005,45.9914283333,45.3755116667,51.7599366667,56.71732,57.7705316667,84.97302,59.8856983333,87.1751633333,201.20357,220.8537966667,220.7608833333,229.603265,215.2626016667,207.415145,208.2835833333,206.6324933333,163.4326316667,195.9019283333,153.11462,156.6788316667,200.48773,147.1355883333,133.6609033333,131.94317,143.92701,144.9389433333,161.79616,273.096645,306.819455,362.82244,316.097385,0
