Probes,1,2,3,4,5,6,7,8,9,10,11,12,13,14,15,16,17,18,19,20,21,22,23,24,25,26,27,28,29,30,31,32,33,34,35
1,0,27.76889,26.229894,17.5863933333,16.6620783333,19.6995666667,25.263075,22.4715856667,18.1805716667,14.05378,19.51589,150.3962483333,156.4182433333,172.934205,169.99299,181.2203983333,164.1585566667,168.194705,140.8364133333,146.5157413333,134.934405,121.788785,127.62082,147.2128983333,120.45396,2000,109.9070766667,96.04529,111.6627583333,115.7805983333,252.2656683333,184.4141833333,218.6282816667,265.4024733333,62.033025
2,27.76889,0,41.1230806667,19.605045,17.089585,19.3515766667,28.715455,26.9740853333,50.6491833333,53.1727,33.9134066667,152.1899066667,165.7430683333,164.6304383333,161.77712,169.685615,159.7446766667,159.4173483333,144.29465,245.380401,136.2225583333,133.1229083333,122.9666483333,146.4449383333,108.0525,2000,90.7951516667,95.374545,109.6887533333,127.6184266667,245.284625,184.7769433333,317.99058,259.6855866667,60.0280666667
3,26.229894,41.1230806667,0,28.5289075,24.7465,28.299935,18.6113616667,21.829224,37.4276075,21.5588416667,2000,139.476685,154.857325,156.258135,161.407385,2000,159.614975,161.6776,2000,235.5156946667,2000,2000,137.465775,147.04534,94.3420675,2000,84.6049733333,91.3669066667,97.98718,103.5414233333,225.0969633333,2000,334.159715,245.6586866667,2000
4,17.5863933333,19.605045,28.5289075,0,6.387835,12.6753333333,22.8147933333,19.2551486667,32.4168433333,31.4590233333,28.5145,134.3178616667,152.28522,160.38433,166.9951766667,170.8542966667,159.5676983333,160.4328483333,148.7975466667,151.2455986667,156.9379483333,131.0665366667,126.8202733333,146.8432433333,102.4125816667,2000,102.5195716667,120.909275,117.8820666667,149.3617633333,236.7482383333,174.3393333333,348.3424666667,230.8352316667,45.881665
5,16.6620783333,17.089585,24.7465,6.387835,0,9.05119,29.0842983333,13.769768,20.261375,31.0062183333,29.3572416667,141.1859283333,149.7709533333,174.7400583333,185.5290733333,176.7479516667,172.93848,172.795405,145.9121033333,200.8576406667,145.3006383333,135.78359,134.50238,155.50866,107.2270016667,2000,112.27802,105.32387,124.487525,136.554405,237.5366016667,174.4602533333,261.96022,230.5337583333,45.53419
6,19.6995666667,19.3515766667,28.299935,12.6753333333,9.05119,0,30.774335,16.2356673333,16.447675,30.296815,23.322615,140.1183483333,147.4488066667,171.206565,186.9011916667,180.5679966667,162.6601033333,173.6536366667,147.4981133333,185.3048686667,146.93933,135.10629,117.80066,148.9107616667,121.0315216667,2000,112.9069716667,98.7331333333,120.6421533333,143.0558733333,250.9282083333,173.417755,343.6033275,270.7502533333,51.7387933333
7,25.263075,28.715455,18.6113616667,22.8147933333,29.0842983333,30.774335,0,1.7745516667,21.0373166667,29.401175,25.8486183333,162.9062183333,189.6886466667,179.5160016667,197.4089266667,192.1819666667,186.6563133333,186.7161566667,158.5775366667,251.305778,153.6358433333,127.7137483333,136.1119583333,166.8789633333,126.750445,2000,109.8680133333,114.1988283333,126.6185916667,149.217795,244.2099583333,183.0962433333,258.26862,275.53811,56.8925016667
8,22.4715856667,26.9740853333,21.829224,19.2551486667,13.769768,16.2356673333,1.7745516667,0,18.9707416667,19.959205,33.5372,155.1043216667,177.15625,182.2429466667,186.5307933333,189.3864933333,172.2581383333,171.903765,172.3593666667,152.4943663333,165.5983933333,123.319625,132.60945,162.6042,116.5374433333,2000,110.643145,116.3302516667,147.9787983333,150.9513416667,242.3439316667,242.236085,358.4338833333,274.3915516667,61.1723716667
9,18.1805716667,50.6491833333,37.4276075,32.4168433333,20.261375,16.447675,21.0373166667,18.9707416667,0,30.7132,21.3061266667,140.635315,166.78407,175.453705,185.5741566667,183.5719383333,166.69489,185.2423633333,150.8653316667,138.9652756667,180.7771933333,128.48571,127.0864216667,174.2331316667,120.319815,2000,105.19219,109.2740216667,159.857225,144.7173016667,236.2907466667,174.61825,359.42079,260.1827083333,59.62914
10,14.05378,53.1727,21.5588416667,31.4590233333,31.0062183333,30.296815,29.401175,19.959205,30.7132,0,34.7128866667,148.5918716667,174.6919883333,197.8761183333,191.9245533333,195.8375,179.7451116667,179.7843866667,168.4005516667,236.5481433333,157.84832,184.3073866667,126.0803916667,150.4011133333,154.8861983333,2000,102.1485833333,108.98594,116.5545583333,146.48867,245.3632116667,254.1579333333,350.0207716667,193.289595,61.4940266667
11,19.51589,33.9134066667,2000,28.5145,29.3572416667,23.322615,25.8486183333,33.5372,21.3061266667,34.7128866667,0,176.4381533333,179.12675,189.1253966667,206.5729616667,189.7499966667,198.31709,203.6385716667,176.0948616667,440.960344,169.7667233333,140.8908583333,136.963215,170.4894716667,114.8512033333,2000,106.7739883333,108.7736483333,123.9938216667,135.701395,253.3426766667,178.96612,368.0017883333,301.7241833333,72.8261116667
12,150.3962483333,152.1899066667,139.476685,134.3178616667,141.1859283333,140.1183483333,162.9062183333,155.1043216667,140.635315,148.5918716667,176.4381533333,0,9.13482,11.246785,46.39897,69.27519,34.4214966667,97.61434,38.457335,79.693072,126.9797833333,102.7377433333,89.6965233333,109.7133716667,88.251235,2000,86.5374416667,83.7999616667,132.6602283333,76.1360833333,214.6900016667,173.4659283333,310.227545,119.497545,201.060505
13,156.4182433333,165.7430683333,154.857325,152.28522,149.7709533333,147.4488066667,189.6886466667,177.15625,166.78407,174.6919883333,179.12675,9.13482,0,48.8522283333,46.8446266667,45.8642766667,55.272865,41.12862,38.1511666667,200.7926156667,115.3844266667,99.51761,97.9437783333,112.5837766667,77.7261583333,2000,95.9249966667,92.69597,111.4965833333,122.2994666667,219.9205516667,185.207065,169.8000016667,135.1992275,221.824065
14,172.934205,164.6304383333,156.258135,160.38433,174.7400583333,171.206565,179.5160016667,182.2429466667,175.453705,197.8761183333,189.1253966667,11.246785,48.8522283333,0,66.151455,57.9576516667,65.802645,45.27259,43.9772183333,142.3388446667,109.931525,78.4945633333,109.80133,135.9624533333,116.0392816667,2000,82.8491416667,98.4695966667,137.4843366667,136.6460766667,230.33952,189.9579783333,270.4176,115.8052,220.6825883333
15,169.99299,161.77712,161.407385,166.9951766667,185.5290733333,186.9011916667,197.4089266667,186.5307933333,185.5741566667,191.9245533333,206.5729616667,46.39897,46.8446266667,66.151455,0,59.2913083333,56.29565,30.0719116667,44.4311966667,114.327319,70.5472933333,80.1815233333,105.211655,122.495025,90.0098583333,2000,98.957195,111.0287033333,130.32089,137.0755016667,216.8178433333,190.5132566667,360.9954333333,140.8299516667,236.2582966667
16,181.2203983333,169.685615,2000,170.8542966667,176.7479516667,180.5679966667,192.1819666667,189.3864933333,183.5719383333,195.8375,189.7499966667,69.27519,45.8642766667,57.9576516667,59.2913083333,0,38.82036,36.5834216667,34.4817616667,111.3200866667,95.1534566667,85.6568216667,113.3857283333,122.9405233333,90.78749,2000,100.899165,109.4449166667,113.5455416667,131.0209883333,208.55368,236.2870966667,350.6182266667,129.959145,216.1772766667
17,164.1585566667,159.7446766667,159.614975,159.5676983333,172.93848,162.6601033333,186.6563133333,172.2581383333,166.69489,179.7451116667,198.31709,34.4214966667,55.272865,65.802645,56.29565,38.82036,0,28.5163466667,20.8795416667,75.6536473333,89.7781866667,67.6717533333,97.6462816667,116.3333166667,76.1197816667,2000,92.4611666667,107.9954083333,94.2113466667,127.6094983333,196.0821483333,179.2492333333,163.7021633333,134.89615,212.15495
18,168.194705,159.4173483333,161.6776,160.4328483333,172.795405,173.6536366667,186.7161566667,171.903765,185.2423633333,179.7843866667,203.6385716667,97.61434,41.12862,45.27259,30.0719116667,36.5834216667,28.5163466667,0,30.984475,73.7461906667,100.019095,59.6649366667,93.623885,115.9380466667,74.8985466667,2000,94.4411366667,101.5947783333,95.74429,122.8538333333,201.9966783333,182.13192,158.864195,132.506205,209.1294733333
19,140.8364133333,144.29465,2000,148.7975466667,145.9121033333,147.4981133333,158.5775366667,172.3593666667,150.8653316667,168.4005516667,176.0948616667,38.457335,38.1511666667,43.9772183333,44.4311966667,34.4817616667,20.8795416667,30.984475,0,77.2073116667,58.99703,58.564965,72.8823316667,91.2122383333,87.4822466667,2000,72.0182916667,78.0916483333,80.9686116667,121.46132,188.9588316667,152.989825,207.684815,117.2916966667,200.4573116667
20,146.5157413333,245.380401,235.5156946667,151.2455986667,200.8576406667,185.3048686667,251.305778,152.4943663333,138.9652756667,236.5481433333,440.960344,79.693072,200.7926156667,142.3388446667,114.327319,111.3200866667,75.6536473333,73.7461906667,77.2073116667,0,71.254345,53.2831,79.509615,78.0485683333,51.067825,2000,59.5401833333,2000,50.9442316667,96.4164483333,160.0829466667,216.4042066667,318.1658983333,159.43612,165.7089425
21,134.934405,136.2225583333,2000,156.9379483333,145.3006383333,146.93933,153.6358433333,165.5983933333,180.7771933333,157.84832,169.7667233333,126.9797833333,115.3844266667,109.931525,70.5472933333,95.1534566667,89.7781866667,100.019095,58.99703,71.254345,0,47.9015633333,54.28055,82.8372783333,34.5498433333,2000,62.7419316667,72.9040366667,86.2828416667,66.99685,195.8815033333,220.6205566667,234.220325,191.50415,196.0203616667
22,121.788785,133.1229083333,2000,131.0665366667,135.78359,135.10629,127.7137483333,123.319625,128.48571,184.3073866667,140.8908583333,102.7377433333,99.51761,78.4945633333,80.1815233333,85.6568216667,67.6717533333,59.6649366667,58.564965,53.2831,47.9015633333,0,56.5323333333,86.5753933333,35.70989,2000,47.177855,76.8236133333,91.6114733333,62.3742466667,179.4319066667,282.2490383333,202.429015,167.6090766667,153.71242
23,127.62082,122.9666483333,137.465775,126.8202733333,134.50238,117.80066,136.1119583333,132.60945,127.0864216667,126.0803916667,136.963215,89.6965233333,97.9437783333,109.80133,105.211655,113.3857283333,97.6462816667,93.623885,72.8823316667,79.509615,54.28055,56.5323333333,0,65.09028,52.5056916667,2000,50.5378666667,51.08016,47.3482716667,69.0424733333,155.176115,232.887815,296.04984,193.795265,156.1610283333
24,147.2128983333,146.4449383333,147.04534,146.8432433333,155.50866,148.9107616667,166.8789633333,162.6042,174.2331316667,150.4011133333,170.4894716667,109.7133716667,112.5837766667,135.9624533333,122.495025,122.9405233333,116.3333166667,115.9380466667,91.2122383333,78.0485683333,82.8372783333,86.5753933333,65.09028,0,57.2438166667,2000,65.88742,70.40411,65.424275,86.3867383333,147.5793983333,252.8112266667,323.9435466667,202.3141683333,197.0683866667
25,120.45396,108.0525,94.3420675,102.4125816667,107.2270016667,121.0315216667,126.750445,116.5374433333,120.319815,154.8861983333,114.8512033333,88.251235,77.7261583333,116.0392816667,90.0098583333,90.78749,76.1197816667,74.8985466667,87.4822466667,51.067825,34.5498433333,35.70989,52.5056916667,57.2438166667,0,2000,37.4369,39.3708466667,57.3844383333,39.36907,156.0618733333,232.3215333333,276.0004566667,142.0163266667,147.1444216667
26,2000,2000,2000,2000,2000,2000,2000,2000,2000,2000,2000,2000,2000,2000,2000,2000,2000,2000,2000,2000,2000,2000,2000,2000,2000,0,15.6127,22.8672983333,41.618845,41.599975,146.7052383333,227.1370366667,325.582345,171.8659733333,131.91884
27,109.9070766667,90.7951516667,84.6049733333,102.5195716667,112.27802,112.9069716667,109.8680133333,110.643145,105.19219,102.1485833333,106.7739883333,86.5374416667,95.9249966667,82.8491416667,98.957195,100.899165,92.4611666667,94.4411366667,72.0182916667,59.5401833333,62.7419316667,47.177855,50.5378666667,65.88742,37.4369,15.6127,0,26.563625,54.7562233333,47.35395,162.2037866667,231.2362333333,399.9860433333,186.31691,131.470615
28,96.04529,95.374545,91.3669066667,120.909275,105.32387,98.7331333333,114.1988283333,116.3302516667,109.2740216667,108.98594,108.7736483333,83.7999616667,92.69597,98.4695966667,111.0287033333,109.4449166667,107.9954083333,101.5947783333,78.0916483333,2000,72.9040366667,76.8236133333,51.08016,70.40411,39.3708466667,22.8672983333,26.563625,0,45.351425,46.316755,152.922335,235.1968033333,251.3765433333,193.5357983333,144.526735
29,111.6627583333,109.6887533333,97.98718,117.8820666667,124.487525,120.6421533333,126.6185916667,147.9787983333,159.857225,116.5545583333,123.9938216667,132.6602283333,111.4965833333,137.4843366667,130.32089,113.5455416667,94.2113466667,95.74429,80.9686116667,50.9442316667,86.2828416667,91.6114733333,47.3482716667,65.424275,57.3844383333,41.618845,54.7562233333,45.351425,0,67.5637866667,146.1105683333,234.4825283333,326.6264833333,187.416575,146.4549416667
30,115.7805983333,127.6184266667,103.5414233333,149.3617633333,136.554405,143.0558733333,149.217795,150.9513416667,144.7173016667,146.48867,135.701395,76.1360833333,122.2994666667,136.6460766667,137.0755016667,131.0209883333,127.6094983333,122.8538333333,121.46132,96.4164483333,66.99685,62.3742466667,69.0424733333,86.3867383333,39.36907,41.599975,47.35395,46.316755,67.5637866667,0,179.86309,2000,235.5880133333,194.8900083333,163.01147
31,252.2656683333,245.284625,225.0969633333,236.7482383333,237.5366016667,250.9282083333,244.2099583333,242.3439316667,236.2907466667,245.3632116667,253.3426766667,214.6900016667,219.9205516667,230.33952,216.8178433333,208.55368,196.0821483333,201.9966783333,188.9588316667,160.0829466667,195.8815033333,179.4319066667,155.176115,147.5793983333,156.0618733333,146.7052383333,162.2037866667,152.922335,146.1105683333,179.86309,0,347.391475,444.369645,381.6596133333,270.9506833333
32,184.4141833333,184.7769433333,2000,174.3393333333,174.4602533333,173.417755,183.0962433333,242.236085,174.61825,254.1579333333,178.96612,173.4659283333,185.207065,189.9579783333,190.5132566667,236.2870966667,179.2492333333,182.13192,152.989825,216.4042066667,220.6205566667,282.2490383333,232.887815,252.8112266667,232.3215333333,227.1370366667,231.2362333333,235.1968033333,234.4825283333,2000,347.391475,0,55.7139716667,59.8964216667,306.7524183333
33,218.6282816667,317.99058,334.159715,348.3424666667,261.96022,343.6033275,258.26862,358.4338833333,359.42079,350.0207716667,368.0017883333,310.227545,169.8000016667,270.4176,360.9954333333,350.6182266667,163.7021633333,158.864195,207.684815,318.1658983333,234.220325,202.429015,296.04984,323.9435466667,276.0004566667,325.582345,399.9860433333,251.3765433333,326.6264833333,235.5880133333,444.369645,55.7139716667,0,139.7763066667,365.4565733333
34,265.4024733333,259.6855866667,245.6586866667,230.8352316667,230.5337583333,270.7502533333,275.53811,274.3915516667,260.1827083333,193.289595,301.7241833333,119.497545,135.1992275,115.8052,140.8299516667,129.959145,134.89615,132.506205,117.2916966667,159.43612,191.50415,167.6090766667,193.795265,202.3141683333,142.0163266667,171.8659733333,186.31691,193.5357983333,187.416575,194.8900083333,381.6596133333,59.8964216667,139.7763066667,0,316.3143333333
35,62.033025,60.0280666667,2000,45.881665,45.53419,51.7387933333,56.8925016667,61.1723716667,59.62914,61.4940266667,72.8261116667,201.060505,221.824065,220.6825883333,236.2582966667,216.1772766667,212.15495,209.1294733333,200.4573116667,165.7089425,196.0203616667,153.71242,156.1610283333,197.0683866667,147.1444216667,131.91884,131.470615,144.526735,146.4549416667,163.01147,270.9506833333,306.7524183333,365.4565733333,316.3143333333,0
