Probes,1,2,3,4,5,6,7,8,9,10,11,12,13,14,15,16,17,18,19,20,21,22,23,24,25,26,27,28,29,30,31,32,33,34,35
1,0,27.9572283333,39.872776,17.3750266667,17.00579,19.8950316667,25.9414766667,22.747375,16.4727083333,15.4574016667,19.4664183333,147.06337,159.2840233333,172.608275,2000,179.7107983333,165.7382016667,187.3224083333,148.2401383333,134.863387,134.5472333333,122.0292416667,126.5065983333,136.9635633333,108.8888366667,79.7518716667,110.6080266667,95.712275,2000,116.9086416667,231.535805,184.64009,2000,249.8763783333,62.3088033333
2,27.9572283333,0,12.2652186667,19.835725,16.9153133333,19.3736233333,28.35678,26.776203,32.961435,38.148425,53.3696233333,151.3484916667,165.916655,163.5690366667,2000,168.5766716667,157.7412466667,184.0782,142.502605,196.2463113333,135.9461583333,132.3555116667,121.6608883333,136.70496,97.187155,85.0423366667,89.645315,94.5363866667,2000,113.7661533333,234.539115,184.8605883333,2000,259.8330266667,66.9313483333
3,39.872776,12.2652186667,0,12.261565,8.685075,10.9106616667,19.7896516667,21.4682506667,26.7000466667,22.5941166667,47.6860466667,125.6197033333,141.4301566667,147.7373583333,2000,154.2590816667,164.876115,193.3533983333,130.5476183333,153.5887663333,121.9951,129.7605716667,114.0110716667,134.75927,93.8648733333,77.7624916667,85.2671,96.5890616667,2000,104.1930433333,231.16366,175.8439766667,2000,233.8069683333,54.9386783333
4,17.3750266667,19.835725,12.261565,0,18.1668816667,8.662465,22.1918716667,19.311185,26.6784416667,24.0028216667,49.810815,134.4311533333,151.5550783333,158.3231433333,2000,171.0138783333,155.61655,187.1019616667,148.1977333333,149.176606,157.630995,109.80944,128.284145,155.76895,102.5361866667,88.7635583333,107.5597333333,121.0979933333,2000,119.7620516667,237.7444016667,174.41971,2000,230.3759066667,52.9443033333
5,17.00579,16.9153133333,8.685075,18.1668816667,0,5.6982866667,28.589475,13.9163736667,25.8780833333,37.5085766667,36.33055,141.08743,180.25358,171.1972883333,2000,178.7532816667,167.7386883333,195.3074383333,145.83573,182.1391726667,145.7504166667,156.1996583333,129.1809316667,146.0862316667,103.31067,86.1396533333,112.8610616667,101.3871233333,2000,112.5063116667,242.1601383333,174.477145,2000,223.0272116667,57.34097
6,19.8950316667,19.3736233333,10.9106616667,8.662465,5.6982866667,0,30.68213,16.187295,22.9649133333,33.3768133333,46.6086216667,140.2420733333,152.372265,165.5136466667,2000,178.7179033333,162.059895,194.664615,146.04884,148.8668463333,146.6258716667,155.209355,129.8028033333,146.004165,108.5396966667,89.5818833333,99.907265,103.33784,2000,120.4334583333,235.009515,173.505205,2000,233.9888,61.26572
7,25.9414766667,28.35678,19.7896516667,22.1918716667,28.589475,30.68213,0,1.6074833333,29.642395,20.5486,26.3564033333,162.7935233333,192.4102,186.66926,2000,190.2005216667,185.4453216667,206.4019733333,158.6659766667,201.736744,152.8024983333,127.9698783333,138.1688583333,162.660105,117.9080583333,99.53919,111.0572033333,114.94062,2000,133.5128616667,256.1459133333,183.0235033333,2000,274.1603516667,70.9084983333
8,22.747375,26.776203,21.4682506667,19.311185,13.9163736667,16.187295,1.6074833333,0,57.3543316667,21.584165,37.3552766667,155.1899466667,174.2046066667,182.2187233333,2000,188.2862316667,166.320505,194.4566466667,172.1714466667,144.5007646667,155.912405,123.3199433333,135.4310216667,153.6442783333,116.50721,103.2722616667,126.2934783333,117.051165,2000,119.4781,252.6338233333,242.05182,2000,273.7006033333,65.2830966667
9,16.4727083333,32.961435,26.7000466667,26.6784416667,25.8780833333,22.9649133333,29.642395,57.3543316667,0,31.4526416667,58.15898,140.207875,169.4160316667,175.4989666667,2000,182.3503783333,165.130875,179.6329433333,150.87873,140.8005403333,148.7692183333,156.7237866667,130.3201433333,144.90057,134.710725,94.5579433333,114.3988916667,109.62512,2000,129.636775,244.9590783333,174.926345,2000,260.15998,48.5725283333
10,15.4574016667,38.148425,22.5941166667,24.0028216667,37.5085766667,33.3768133333,20.5486,21.584165,31.4526416667,0,48.57636,148.6845216667,170.1783183333,195.877305,2000,190.67922,177.808165,188.0728466667,165.1754575,143.9775006667,146.1008933333,191.878605,134.7258683333,149.3376033333,165.7401883333,98.9025283333,122.619775,107.305515,2000,161.004195,255.548015,246.5606575,2000,192.8556833333,49.5488916667
11,19.4664183333,53.3696233333,47.6860466667,49.810815,36.33055,46.6086216667,26.3564033333,37.3552766667,58.15898,48.57636,0,171.557055,199.834475,187.3268383333,2000,203.5366233333,194.5465666667,210.7575016667,189.0159583333,318.933312,173.9893333333,141.139435,139.2164566667,155.3732866667,141.7429816667,103.2942866667,123.7633016667,114.4347733333,2000,174.1829516667,246.188295,179.4718766667,2000,294.3720016667,61.530305
12,147.06337,151.3484916667,125.6197033333,134.4311533333,141.08743,140.2420733333,162.7935233333,155.1899466667,140.207875,148.6845216667,171.557055,0,9.2875816667,29.2677483333,2000,43.842225,57.640965,40.336415,30.20361,98.0838596667,110.6745316667,84.7649683333,89.8044283333,105.1812216667,109.1848633333,72.4290433333,106.4532566667,82.886025,2000,72.2676033333,201.05282,173.4257783333,2000,110.877065,216.5843333333
13,159.2840233333,165.916655,141.4301566667,151.5550783333,180.25358,152.372265,192.4102,174.2046066667,169.4160316667,170.1783183333,199.834475,9.2875816667,0,2000,2000,2000,2000,2000,2000,2000,2000,2000,2000,2000,2000,2000,2000,2000,2000,2000,2000,2000,2000,2000,2000
14,172.608275,163.5690366667,147.7373583333,158.3231433333,171.1972883333,165.5136466667,186.66926,182.2187233333,175.4989666667,195.877305,187.3268383333,29.2677483333,2000,0,2000,51.3234866667,62.1033016667,50.103535,45.552515,221.3819326667,123.1128183333,90.18275,95.72214,129.7294233333,104.169125,77.4970266667,85.7824133333,90.584285,2000,90.3862933333,225.6899933333,190.6451716667,2000,114.6526833333,223.0927833333
15,2000,2000,2000,2000,2000,2000,2000,2000,2000,2000,2000,2000,2000,2000,0,48.0860683333,35.9014733333,35.5136766667,34.9890933333,94.474003,100.8448983333,75.88693,112.4060266667,122.93602,85.8057833333,79.72436,100.7117066667,112.9634383333,2000,166.1142166667,217.5310466667,206.0301866667,2000,138.0868633333,225.4295816667
16,179.7107983333,168.5766716667,154.2590816667,171.0138783333,178.7532816667,178.7179033333,190.2005216667,188.2862316667,182.3503783333,190.67922,203.5366233333,43.842225,2000,51.3234866667,48.0860683333,0,34.3639716667,48.2544233333,33.4585516667,160.7047996667,109.6303833333,83.0725616667,107.82131,125.661495,80.89323,89.4264,108.3250316667,114.4260633333,2000,142.573865,213.4199516667,236.5493433333,2000,129.5037716667,288.11994
17,165.7382016667,157.7412466667,164.876115,155.61655,167.7386883333,162.059895,185.4453216667,166.320505,165.130875,177.808165,194.5465666667,57.640965,2000,62.1033016667,35.9014733333,34.3639716667,0,23.2343066667,21.7709616667,86.6334893333,67.7899366667,77.41053,89.95775,112.1701266667,65.02926,84.2458533333,83.9289683333,94.4409983333,2000,101.05647,205.5452283333,173.4312833333,2000,136.00828,202.422725
18,187.3224083333,184.0782,193.3533983333,187.1019616667,195.3074383333,194.664615,206.4019733333,194.4566466667,179.6329433333,188.0728466667,210.7575016667,40.336415,2000,50.103535,35.5136766667,48.2544233333,23.2343066667,0,28.0416733333,121.137432,87.2832516667,73.21277,93.8565566667,114.426725,71.5062,84.0097433333,92.6394666667,99.8884266667,2000,106.5468433333,233.353655,176.5256683333,2000,134.2045766667,208.7136566667
19,148.2401383333,142.502605,130.5476183333,148.1977333333,145.83573,146.04884,158.6659766667,172.1714466667,150.87873,165.1754575,189.0159583333,30.20361,2000,45.552515,34.9890933333,33.4585516667,21.7709616667,28.0416733333,0,66.6409096667,61.1755483333,52.6664283333,71.16719,95.47673,48.40155,64.630805,70.19048,78.023925,2000,71.9033916667,223.052765,159.234545,2000,107.4757883333,209.1739266667
20,134.863387,196.2463113333,153.5887663333,149.176606,182.1391726667,148.8668463333,201.736744,144.5007646667,140.8005403333,143.9775006667,318.933312,98.0838596667,2000,221.3819326667,94.474003,160.7047996667,86.6334893333,121.137432,66.6409096667,0,32.9806475,50.3766116667,52.2237166667,82.360115,52.240365,54.2701633333,112.48194,62.53598,2000,74.1148375,162.5448075,214.3455666667,2000,2000,267.042595
21,134.5472333333,135.9461583333,121.9951,157.630995,145.7504166667,146.6258716667,152.8024983333,155.912405,148.7692183333,146.1008933333,173.9893333333,110.6745316667,2000,123.1128183333,100.8448983333,109.6303833333,67.7899366667,87.2832516667,61.1755483333,32.9806475,0,52.7976683333,56.7534266667,82.22887,35.5111183333,58.5740466667,85.3704016667,68.8100733333,2000,67.306555,204.691035,219.79397,2000,186.6263266667,276.832575
22,122.0292416667,132.3555116667,129.7605716667,109.80944,156.1996583333,155.209355,127.9698783333,123.3199433333,156.7237866667,191.878605,141.139435,84.7649683333,2000,90.18275,75.88693,83.0725616667,77.41053,73.21277,52.6664283333,50.3766116667,52.7976683333,0,57.1111116667,81.07798,51.11176,59.2148983333,73.4306833333,76.7278366667,2000,63.5661716667,167.55263,282.20723,2000,156.0277216667,254.6741216667
23,126.5065983333,121.6608883333,114.0110716667,128.284145,129.1809316667,129.8028033333,138.1688583333,135.4310216667,130.3201433333,134.7258683333,139.2164566667,89.8044283333,2000,95.72214,112.4060266667,107.82131,89.95775,93.8565566667,71.16719,52.2237166667,56.7534266667,57.1111116667,0,63.5482,50.0098566667,38.40738,43.72135,65.767645,2000,64.8423666667,147.5563833333,228.0662416667,2000,193.3292516667,262.6301566667
24,136.9635633333,136.70496,134.75927,155.76895,146.0862316667,146.004165,162.660105,153.6442783333,144.90057,149.3376033333,155.3732866667,105.1812216667,2000,129.7294233333,122.93602,125.661495,112.1701266667,114.426725,95.47673,82.360115,82.22887,81.07798,63.5482,0,63.243125,50.9633083333,63.6489066667,71.5599433333,2000,98.5420066667,143.080765,252.52149,2000,206.2670783333,272.5398383333
25,108.8888366667,97.187155,93.8648733333,102.5361866667,103.31067,108.5396966667,117.9080583333,116.50721,134.710725,165.7401883333,141.7429816667,109.1848633333,2000,104.169125,85.8057833333,80.89323,65.02926,71.5062,48.40155,52.240365,35.5111183333,51.11176,50.0098566667,63.243125,0,29.6953133333,32.5176316667,42.7805566667,2000,42.7586533333,156.7156283333,232.175755,2000,154.6223383333,154.99399
26,79.7518716667,85.0423366667,77.7624916667,88.7635583333,86.1396533333,89.5818833333,99.53919,103.2722616667,94.5579433333,98.9025283333,103.2942866667,72.4290433333,2000,77.4970266667,79.72436,89.4264,84.2458533333,84.0097433333,64.630805,54.2701633333,58.5740466667,59.2148983333,38.40738,50.9633083333,29.6953133333,0,13.5732933333,24.9202416667,2000,66.60454,147.8570416667,229.50808,2000,165.436545,132.16411
27,110.6080266667,89.645315,85.2671,107.5597333333,112.8610616667,99.907265,111.0572033333,126.2934783333,114.3988916667,122.619775,123.7633016667,106.4532566667,2000,85.7824133333,100.7117066667,108.3250316667,83.9289683333,92.6394666667,70.19048,112.48194,85.3704016667,73.4306833333,43.72135,63.6489066667,32.5176316667,13.5732933333,0,25.4061433333,2000,76.93715,157.2111233333,227.6321333333,2000,201.0457833333,137.3532716667
28,95.712275,94.5363866667,96.5890616667,121.0979933333,101.3871233333,103.33784,114.94062,117.051165,109.62512,107.305515,114.4347733333,82.886025,2000,90.584285,112.9634383333,114.4260633333,94.4409983333,99.8884266667,78.023925,62.53598,68.8100733333,76.7278366667,65.767645,71.5599433333,42.7805566667,24.9202416667,25.4061433333,0,2000,74.9784733333,151.412585,235.243875,2000,193.5538066667,144.4786083333
29,2000,2000,2000,2000,2000,2000,2000,2000,2000,2000,2000,2000,2000,2000,2000,2000,2000,2000,2000,2000,2000,2000,2000,2000,2000,2000,2000,2000,0,86.1408633333,149.7684516667,234.296955,2000,186.3395483333,145.4370216667
30,116.9086416667,113.7661533333,104.1930433333,119.7620516667,112.5063116667,120.4334583333,133.5128616667,119.4781,129.636775,161.004195,174.1829516667,72.2676033333,2000,90.3862933333,166.1142166667,142.573865,101.05647,106.5468433333,71.9033916667,74.1148375,67.306555,63.5661716667,64.8423666667,98.5420066667,42.7586533333,66.60454,76.93715,74.9784733333,86.1408633333,0,174.310285,255.3198975,2000,2000,165.00221
31,231.535805,234.539115,231.16366,237.7444016667,242.1601383333,235.009515,256.1459133333,252.6338233333,244.9590783333,255.548015,246.188295,201.05282,2000,225.6899933333,217.5310466667,213.4199516667,205.5452283333,233.353655,223.052765,162.5448075,204.691035,167.55263,147.5563833333,143.080765,156.7156283333,147.8570416667,157.2111233333,151.412585,149.7684516667,174.310285,0,341.1533083333,2000,379.0905916667,282.7473516667
32,184.64009,184.8605883333,175.8439766667,174.41971,174.477145,173.505205,183.0235033333,242.05182,174.926345,246.5606575,179.4718766667,173.4257783333,2000,190.6451716667,206.0301866667,236.5493433333,173.4312833333,176.5256683333,159.234545,214.3455666667,219.79397,282.20723,228.0662416667,252.52149,232.175755,229.50808,227.6321333333,235.243875,234.296955,255.3198975,341.1533083333,0,2000,57.5404016667,302.8329333333
33,2000,2000,2000,2000,2000,2000,2000,2000,2000,2000,2000,2000,2000,2000,2000,2000,2000,2000,2000,2000,2000,2000,2000,2000,2000,2000,2000,2000,2000,2000,2000,2000,0,66.9376183333,360.87119
34,249.8763783333,259.8330266667,233.8069683333,230.3759066667,223.0272116667,233.9888,274.1603516667,273.7006033333,260.15998,192.8556833333,294.3720016667,110.877065,2000,114.6526833333,138.0868633333,129.5037716667,136.00828,134.2045766667,107.4757883333,2000,186.6263266667,156.0277216667,193.3292516667,206.2670783333,154.6223383333,165.436545,201.0457833333,193.5538066667,186.3395483333,2000,379.0905916667,57.5404016667,66.9376183333,0,313.5105433333
35,62.3088033333,66.9313483333,54.9386783333,52.9443033333,57.34097,61.26572,70.9084983333,65.2830966667,48.5725283333,49.5488916667,61.530305,216.5843333333,2000,223.0927833333,225.4295816667,288.11994,202.422725,208.7136566667,209.1739266667,267.042595,276.832575,254.6741216667,262.6301566667,272.5398383333,154.99399,132.16411,137.3532716667,144.4786083333,145.4370216667,165.00221,282.7473516667,302.8329333333,360.87119,313.5105433333,0
