Probes,1,2,3,4,5,6,7,8,9,10,11
1,0,28.1628916667,10.130178,17.1555833333,17.02619,19.6960283333,78.980335,22.631014,16.50899,17.8555883333,20.3027933333
2,28.1628916667,0,12.344834,19.6981316667,17.031275,19.954865,81.41348,26.840189,33.06348,37.7876833333,34.07896
3,10.130178,12.344834,0,12.35851,11.0223233333,12.6486333333,75.0617783333,21.5302503333,21.1854266667,23.0859266667,25.952395
4,17.1555833333,19.6981316667,12.35851,0,6.5610733333,9.371365,77.5646933333,19.2910756667,18.7306783333,24.044535,28.81871
5,17.02619,17.031275,11.0223233333,6.5610733333,0,5.882855,82.160665,15.552739,27.1267816667,27.9779316667,36.88036
6,19.6960283333,19.954865,12.6486333333,9.371365,5.882855,0,30.9261816667,16.162732,24.1819933333,55.345555,30.68202
7,78.980335,81.41348,75.0617783333,77.5646933333,82.160665,30.9261816667,0,1.7951873333,28.7314433333,21.4076266667,44.6702183333
8,22.631014,26.840189,21.5302503333,19.2910756667,15.552739,16.162732,1.7951873333,0,33.288255,20.9283,37.15062
9,16.50899,33.06348,21.1854266667,18.7306783333,27.1267816667,24.1819933333,28.7314433333,33.288255,0,22.7244333333,39.0354216667
10,17.8555883333,37.7876833333,23.0859266667,24.044535,27.9779316667,55.345555,21.4076266667,20.9283,22.7244333333,0,33.50891
11,20.3027933333,34.07896,25.952395,28.81871,36.88036,30.68202,44.6702183333,37.15062,39.0354216667,33.50891,0
