Probes,1,2,3,4,5,6,7,8,9,10,11,12,13,14,15,16,17,18,19,20,21,22,23,24,25,26,27,28,29,30,31,32,33,34,35,36,37,38,39,40,41,42,43,44,45,46,47,48,49,50
1,0,27.9262783333,39.7714,17.1849583333,19.9481116667,19.6765616667,25.1168466667,22.4979203333,16.5977616667,23.2443683333
2,27.9262783333,0,12.2498586667,19.8250716667,17.1012816667,20.1469283333,28.48951,26.939527,33.1387366667,37.5822516667
3,39.7714,12.2498586667,0,12.4922666667,10.8815866667,15.9102366667,19.1796966667,21.4591273333,25.3317216667,26.2249233333
4,17.1849583333,19.8250716667,12.4922666667,0,6.6772083333,8.5737733333,23.8985566667,19.213744,22.5350766667,23.998015
5,19.9481116667,17.1012816667,10.8815866667,6.6772083333,0,8.2747133333,29.0316483333,14.1674366667,18.4578916667,24.83517
6,19.6765616667,20.1469283333,15.9102366667,8.5737733333,8.2747133333,0,43.3388533333,16.2068993333,33.9969616667,29.9542483333
7,25.1168466667,28.48951,19.1796966667,23.8985566667,29.0316483333,43.3388533333,0,1.6045573333,21.2923716667,21.0396683333
8,22.4979203333,26.939527,21.4591273333,19.213744,14.1674366667,16.2068993333,1.6045573333,0,60.02274,18.870575
9,16.5977616667,33.1387366667,25.3317216667,22.5350766667,18.4578916667,33.9969616667,21.2923716667,60.02274,0,18.6369516667
10,23.2443683333,37.5822516667,26.2249233333,23.998015,24.83517,29.9542483333,21.0396683333,18.870575,18.6369516667,0
