Probes,1,2,3,4,5,6,7,8,9,10,11,12,13,14,15,16,17,18,19,20,21,22,23,24,25,26,27,28,29,30,31,32,33,34,35,36,37,38,39,40,41,42,43,44,45,46,47,48,49,50
1,0,27.7932266667,10.894338,17.309475,19.9527166667,19.7529483333,24.989475,22.430826,16.5270166667,15.870225
2,27.7932266667,0,19.229188,19.7308333333,16.9221966667,19.54037,65.2523,26.934307,32.969435,37.4517333333
3,10.894338,19.229188,0,12.432335,8.98071,11.04768,18.7222316667,21.5311206667,20.811865,22.8795016667
4,17.309475,19.7308333333,12.432335,0,6.7176216667,11.60696,30.477785,20.229032,18.7776216667,24.3451333333
5,19.9527166667,16.9221966667,8.98071,6.7176216667,0,5.5758516667,33.6525283333,13.9665973333,28.7165083333,27.930315
6,19.7529483333,19.54037,11.04768,11.60696,5.5758516667,0,48.3959233333,17.083069,19.6512433333,42.31488
7,24.989475,65.2523,18.7222316667,30.477785,33.6525283333,48.3959233333,0,1.6753793333,23.0937933333,37.57041
8,22.430826,26.934307,21.5311206667,20.229032,13.9665973333,17.083069,1.6753793333,0,54.5033883333,36.92705
9,16.5270166667,32.969435,20.811865,18.7776216667,28.7165083333,19.6512433333,23.0937933333,54.5033883333,0,34.8644433333
10,15.870225,37.4517333333,22.8795016667,24.3451333333,27.930315,42.31488,37.57041,36.92705,34.8644433333,0
