Probes,1,2,3,4,5,6,7,8,9,10,11,12,13,14,15,16,17,18,19,20,21,22,23,24,25,26,27,28,29,30,31,32,33,34,35
1,0,28.1790233333,10.091778,17.5560516667,19.734765,19.88462,25.633795,22.4537243333,17.92758,24.2852166667,27.6526166667,2000,162.2295,2000,2000,179.6632166667,161.4499033333,167.8922783333,2000,133.4384906667,137.344395,122.05052,2000,2000,105.7295916667,79.8888516667,151.71366,96.3795666667,2000,110.7514416667,398.3814166667,181.1216266667,2000,250.284705,66.2519416667
2,28.1790233333,0,41.1642956667,19.75017,16.9786533333,20.976595,28.4674733333,27.028147,33.1324283333,38.0051133333,30.79915,2000,156.3687233333,2000,2000,170.5565333333,155.679095,160.2386183333,2000,169.592098,134.996745,132.7546633333,2000,2000,108.6719833333,85.48199,108.8188783333,94.4199633333,2000,104.0945733333,405.7622,185.001685,2000,266.8991433333,60.2948116667
3,10.091778,41.1642956667,0,12.4514716667,8.7342133333,17.382035,18.675245,21.284286,20.636775,28.9364966667,25.3234283333,2000,138.9765516667,2000,2000,155.000515,163.7006266667,170.9092116667,2000,132.398619,125.9574983333,129.6722316667,2000,2000,104.2275066667,75.2362616667,84.15399,96.03007,2000,98.38336,398.078175,175.9063116667,2000,248.850915,54.8628033333
4,17.5560516667,19.75017,12.4514716667,0,9.4878183333,8.7693566667,23.4439933333,19.1649036667,18.58367,29.8923483333,36.7383,2000,151.498675,2000,2000,171.1604316667,155.1916483333,162.0715716667,2000,149.5687976667,157.814975,109.878765,2000,2000,110.21656,88.6820683333,109.6677383333,122.066285,2000,117.5351416667,395.003815,174.3951666667,2000,230.620715,45.8428583333
5,19.734765,16.9786533333,8.7342133333,9.4878183333,0,16.38227,28.9842816667,14.153437,21.0472816667,32.1851233333,35.6789433333,2000,176.9822116667,2000,2000,175.9033766667,166.5778433333,172.50272,2000,141.9725086667,149.209415,122.9658683333,2000,2000,112.7371083333,85.2647633333,159.3943266667,101.9733366667,2000,113.328675,407.35783,174.5246033333,2000,251.0481833333,45.5964216667
6,19.88462,20.976595,17.382035,8.7693566667,16.38227,0,57.1847633333,16.3748876667,15.7177033333,34.1211733333,68.4336,2000,149.1224966667,2000,2000,178.94443,160.3407033333,167.304635,2000,206.373929,147.2241416667,121.6346816667,2000,2000,114.3567566667,89.30767,102.04006,105.571385,2000,116.19926,236.45358,173.5388716667,2000,279.3913283333,64.26904
7,25.633795,28.4674733333,18.675245,23.4439933333,28.9842816667,57.1847633333,0,1.7615396667,22.9416133333,45.0390466667,70.193755,2000,193.8568083333,2000,2000,195.32502,185.1061383333,188.0974983333,2000,151.2996146667,159.16352,127.4401583333,2000,2000,124.8326266667,97.4526966667,122.0810433333,114.6506583333,2000,154.67069,246.5378933333,183.468955,2000,281.8005383333,69.57161
8,22.4537243333,27.028147,21.284286,19.1649036667,14.153437,16.3748876667,1.7615396667,0,19.0263966667,44.5579833333,69.9626966667,2000,176.554245,2000,2000,191.9407516667,169.3904183333,175.785745,2000,163.023649,156.2827966667,123.2441333333,2000,2000,119.5894816667,103.41263,118.208055,117.807145,2000,114.5975883333,246.0373333333,242.025545,2000,365.086665,71.3513666667
9,17.92758,33.1324283333,20.636775,18.58367,21.0472816667,15.7177033333,22.9416133333,19.0263966667,0,34.4501366667,19.7439,2000,170.2169216667,2000,2000,179.8803416667,161.5079483333,169.258255,2000,135.6608273333,148.7664266667,123.600085,2000,2000,121.33838,119.9447483333,108.9197566667,108.8912583333,2000,124.0512433333,236.098045,174.8576583333,2000,358.2939233333,55.7444666667
10,24.2852166667,38.0051133333,28.9364966667,29.8923483333,32.1851233333,34.1211733333,45.0390466667,44.5579833333,34.4501366667,0,39.3843816667,2000,169.0961333333,2000,2000,190.8058133333,175.3355,179.6965816667,2000,142.6706206667,146.6444433333,176.3974466667,2000,2000,151.5904633333,116.9634616667,116.78268,106.7402166667,2000,153.1921733333,246.573435,244.428105,2000,195.69513,66.9572416667
11,27.6526166667,30.79915,25.3234283333,36.7383,35.6789433333,68.4336,70.193755,69.9626966667,19.7439,39.3843816667,0,2000,196.420895,2000,2000,191.201395,181.04741,201.8178566667,2000,171.3986903333,171.102135,137.3273933333,2000,2000,124.4038816667,126.6174983333,125.4765566667,118.8107616667,2000,158.02575,247.7023266667,178.98235,2000,293.7026633333,71.3636266667
12,2000,2000,2000,2000,2000,2000,2000,2000,2000,2000,2000,0,30.1162066667,2000,2000,43.71342,70.6837583333,40.133975,2000,208.1818013333,97.7514716667,106.304465,2000,2000,104.28036,75.1897816667,80.0227866667,82.4399166667,2000,73.163665,200.4199316667,164.298705,2000,121.9583666667,221.9117383333
13,162.2295,156.3687233333,138.9765516667,151.498675,176.9822116667,149.1224966667,193.8568083333,176.554245,170.2169216667,169.0961333333,196.420895,30.1162066667,0,2000,2000,2000,2000,2000,2000,2000,2000,2000,2000,2000,2000,2000,2000,2000,2000,2000,2000,2000,2000,2000,2000
14,2000,2000,2000,2000,2000,2000,2000,2000,2000,2000,2000,2000,2000,0,2000,57.047865,67.35777,54.58681,2000,118.876184,116.4935266667,100.71005,2000,2000,103.1511983333,102.6309283333,108.5122,103.6851216667,2000,91.8551583333,226.2546883333,191.33778,2000,112.9599633333,231.69546
15,2000,2000,2000,2000,2000,2000,2000,2000,2000,2000,2000,2000,2000,2000,0,44.1342016667,33.3752,33.2111883333,2000,87.8095533333,75.5301333333,71.1985633333,2000,2000,86.8244016667,105.8166133333,92.4532833333,109.3584383333,2000,108.1873216667,220.8424483333,203.633845,2000,131.266305,230.6872483333
16,179.6632166667,170.5565333333,155.000515,171.1604316667,175.9033766667,178.94443,195.32502,191.9407516667,179.8803416667,190.8058133333,191.201395,43.71342,2000,57.047865,44.1342016667,0,74.8254866667,58.2838116667,2000,189.3248373333,96.8495733333,101.4189366667,2000,2000,81.12089,111.378975,100.1238566667,118.3200433333,2000,98.1650983333,221.010435,236.3096866667,2000,138.047965,226.184815
17,161.4499033333,155.679095,163.7006266667,155.1916483333,166.5778433333,160.3407033333,185.1061383333,169.3904183333,161.5079483333,175.3355,181.04741,70.6837583333,2000,67.35777,33.3752,74.8254866667,0,37.5557333333,2000,141.1796763333,69.3585316667,87.2784683333,2000,2000,74.1677783333,104.0026416667,99.2690366667,95.808775,2000,99.2151566667,200.3602483333,170.543895,2000,137.59709,196.8235133333
18,167.8922783333,160.2386183333,170.9092116667,162.0715716667,172.50272,167.304635,188.0974983333,175.785745,169.258255,179.6965816667,201.8178566667,40.133975,2000,54.58681,33.2111883333,58.2838116667,37.5557333333,0,2000,84.354065,97.5777,61.7782016667,2000,2000,67.4357066667,106.2685283333,92.31622,97.59062,2000,100.53025,196.93424,180.19918,2000,123.837065,220.3596416667
19,2000,2000,2000,2000,2000,2000,2000,2000,2000,2000,2000,2000,2000,2000,2000,2000,2000,2000,0,61.2958843333,57.3918083333,61.6474816667,2000,2000,57.3000466667,71.3970433333,66.9418616667,77.9564933333,2000,73.140625,237.784815,159.26592,2000,118.7167383333,209.0124116667
20,133.4384906667,169.592098,132.398619,149.5687976667,141.9725086667,206.373929,151.2996146667,163.023649,135.6608273333,142.6706206667,171.3986903333,208.1818013333,2000,118.876184,87.8095533333,189.3248373333,141.1796763333,84.354065,61.2958843333,0,30.1420975,81.6887233333,2000,2000,59.4137416667,76.0221725,58.4758916667,62.1921225,2000,74.4057983333,164.9655066667,214.4252066667,2000,173.07247,170.793055
21,137.344395,134.996745,125.9574983333,157.814975,149.209415,147.2241416667,159.16352,156.2827966667,148.7664266667,146.6444433333,171.102135,97.7514716667,2000,116.4935266667,75.5301333333,96.8495733333,69.3585316667,97.5777,57.3918083333,30.1420975,0,46.9870416667,2000,2000,44.556525,55.285535,65.3489066667,68.0001383333,2000,53.8246033333,199.514015,219.8738033333,2000,181.1591316667,185.8572816667
22,122.05052,132.7546633333,129.6722316667,109.878765,122.9658683333,121.6346816667,127.4401583333,123.2441333333,123.600085,176.3974466667,137.3273933333,106.304465,2000,100.71005,71.1985633333,101.4189366667,87.2784683333,61.7782016667,61.6474816667,81.6887233333,46.9870416667,0,2000,2000,42.271605,59.13888,44.5146066667,76.5076416667,2000,60.5149433333,165.9206,282.2126466667,2000,166.2344166667,157.312925
23,2000,2000,2000,2000,2000,2000,2000,2000,2000,2000,2000,2000,2000,2000,2000,2000,2000,2000,2000,2000,2000,2000,0,2000,45.0807616667,37.7896083333,48.2194866667,53.13354,2000,66.4111166667,144.5336233333,232.850605,2000,194.1026033333,155.7292533333
24,2000,2000,2000,2000,2000,2000,2000,2000,2000,2000,2000,2000,2000,2000,2000,2000,2000,2000,2000,2000,2000,2000,2000,0,61.5642783333,50.464175,63.7374566667,71.301695,2000,86.1972633333,142.2603383333,257.57677,2000,201.586445,187.8225066667
25,105.7295916667,108.6719833333,104.2275066667,110.21656,112.7371083333,114.3567566667,124.8326266667,119.5894816667,121.33838,151.5904633333,124.4038816667,104.28036,2000,103.1511983333,86.8244016667,81.12089,74.1677783333,67.4357066667,57.3000466667,59.4137416667,44.556525,42.271605,45.0807616667,61.5642783333,0,21.71629,31.85943,36.8020183333,2000,37.75964,154.407665,232.1821016667,2000,152.2135333333,154.21917
26,79.8888516667,85.48199,75.2362616667,88.6820683333,85.2647633333,89.30767,97.4526966667,103.41263,119.9447483333,116.9634616667,126.6174983333,75.1897816667,2000,102.6309283333,105.8166133333,111.378975,104.0026416667,106.2685283333,71.3970433333,76.0221725,55.285535,59.13888,37.7896083333,50.464175,21.71629,0,17.755645,20.7974166667,2000,35.4272933333,148.0525883333,228.1890133333,2000,164.5987183333,130.4945466667
27,151.71366,108.8188783333,84.15399,109.6677383333,159.3943266667,102.04006,122.0810433333,118.208055,108.9197566667,116.78268,125.4765566667,80.0227866667,2000,108.5122,92.4532833333,100.1238566667,99.2690366667,92.31622,66.9418616667,58.4758916667,65.3489066667,44.5146066667,48.2194866667,63.7374566667,31.85943,17.755645,0,31.2032283333,2000,50.2590616667,163.0653016667,236.4436933333,2000,188.4186066667,133.6892733333
28,96.3795666667,94.4199633333,96.03007,122.066285,101.9733366667,105.571385,114.6506583333,117.807145,108.8912583333,106.7402166667,118.8107616667,82.4399166667,2000,103.6851216667,109.3584383333,118.3200433333,95.808775,97.59062,77.9564933333,62.1921225,68.0001383333,76.5076416667,53.13354,71.301695,36.8020183333,20.7974166667,31.2032283333,0,2000,41.904365,152.0204716667,235.676465,2000,184.38568,144.27528
29,2000,2000,2000,2000,2000,2000,2000,2000,2000,2000,2000,2000,2000,2000,2000,2000,2000,2000,2000,2000,2000,2000,2000,2000,2000,2000,2000,2000,0,62.7036866667,147.8724133333,234.54378,2000,187.9415483333,145.7212916667
30,110.7514416667,104.0945733333,98.38336,117.5351416667,113.328675,116.19926,154.67069,114.5975883333,124.0512433333,153.1921733333,158.02575,73.163665,2000,91.8551583333,108.1873216667,98.1650983333,99.2151566667,100.53025,73.140625,74.4057983333,53.8246033333,60.5149433333,66.4111166667,86.1972633333,37.75964,35.4272933333,50.2590616667,41.904365,62.7036866667,0,181.878125,251.9742016667,2000,2000,169.9438383333
31,398.3814166667,405.7622,398.078175,395.003815,407.35783,236.45358,246.5378933333,246.0373333333,236.098045,246.573435,247.7023266667,200.4199316667,2000,226.2546883333,220.8424483333,221.010435,200.3602483333,196.93424,237.784815,164.9655066667,199.514015,165.9206,144.5336233333,142.2603383333,154.407665,148.0525883333,163.0653016667,152.0204716667,147.8724133333,181.878125,0,350.1092033333,2000,372.0891566667,273.1443583333
32,181.1216266667,185.001685,175.9063116667,174.3951666667,174.5246033333,173.5388716667,183.468955,242.025545,174.8576583333,244.428105,178.98235,164.298705,2000,191.33778,203.633845,236.3096866667,170.543895,180.19918,159.26592,214.4252066667,219.8738033333,282.2126466667,232.850605,257.57677,232.1821016667,228.1890133333,236.4436933333,235.676465,234.54378,251.9742016667,350.1092033333,0,2000,68.620635,293.2160866667
33,2000,2000,2000,2000,2000,2000,2000,2000,2000,2000,2000,2000,2000,2000,2000,2000,2000,2000,2000,2000,2000,2000,2000,2000,2000,2000,2000,2000,2000,2000,2000,2000,0,2000,2000
34,250.284705,266.8991433333,248.850915,230.620715,251.0481833333,279.3913283333,281.8005383333,365.086665,358.2939233333,195.69513,293.7026633333,121.9583666667,2000,112.9599633333,131.266305,138.047965,137.59709,123.837065,118.7167383333,173.07247,181.1591316667,166.2344166667,194.1026033333,201.586445,152.2135333333,164.5987183333,188.4186066667,184.38568,187.9415483333,2000,372.0891566667,68.620635,2000,0,2000
35,66.2519416667,60.2948116667,54.8628033333,45.8428583333,45.5964216667,64.26904,69.57161,71.3513666667,55.7444666667,66.9572416667,71.3636266667,221.9117383333,2000,231.69546,230.6872483333,226.184815,196.8235133333,220.3596416667,209.0124116667,170.793055,185.8572816667,157.312925,155.7292533333,187.8225066667,154.21917,130.4945466667,133.6892733333,144.27528,145.7212916667,169.9438383333,273.1443583333,293.2160866667,2000,2000,0
