Probes,1,2,3,4,5,6,7,8,9,10
1,0,28.0064966667,39.570184,17.1279516667,19.6958516667,53.25318,42.5558066667,22.37247,16.4834933333,16.437135
2,28.0064966667,0,12.4149786667,31.854535,33.6238366667,19.7242416667,44.5905866667,26.904861,33.0729766667,37.8787866667
3,39.570184,12.4149786667,0,12.3106433333,19.144715,11.02834,38.11555,21.4124233333,22.2922366667,22.8565866667
4,17.1279516667,31.854535,12.3106433333,0,6.5534566667,8.72706,23.583465,19.1796883333,19.2196166667,26.1237316667
5,19.6958516667,33.6238366667,19.144715,6.5534566667,0,45.2193016667,44.5532766667,14.23482,20.8556916667,27.5233216667
6,53.25318,19.7242416667,11.02834,8.72706,45.2193016667,0,55.2739433333,16.3092276667,17.9464583333,30.1482933333
7,42.5558066667,44.5905866667,38.11555,23.583465,44.5532766667,55.2739433333,0,1.6313283333,53.1500983333,20.7686166667
8,22.37247,26.904861,21.4124233333,19.1796883333,14.23482,16.3092276667,1.6313283333,0,19.0100733333,18.545905
9,16.4834933333,33.0729766667,22.2922366667,19.2196166667,20.8556916667,17.9464583333,53.1500983333,19.0100733333,0,18.45885
10,16.437135,37.8787866667,22.8565866667,26.1237316667,27.5233216667,30.1482933333,20.7686166667,18.545905,18.45885,0
