Probes,1,2,3,4,5,6,7,8,9,10
1,0,28.2283116667,10.031106,17.1203833333,20.53658,19.4018533333,24.853235,25.562764,16.5356783333,15.7408316667
2,28.2283116667,0,12.3471386667,20.0695283333,16.9242516667,19.69831,28.368735,28.3800173333,33.0410516667,37.9048683333
3,10.031106,12.3471386667,0,12.30126,8.8360816667,10.86567,48.3907966667,21.2402413333,24.5048516667,22.7289416667
4,17.1203833333,20.0695283333,12.30126,0,6.5003883333,8.60787,41.9240333333,19.2096403333,18.59598,47.4968016667
5,20.53658,16.9242516667,8.8360816667,6.5003883333,0,5.5534733333,29.22136,13.8980406667,22.9100016667,50.3437533333
6,19.4018533333,19.69831,10.86567,8.60787,5.5534733333,0,31.16432,16.7380703333,17.2351333333,52.2062933333
7,24.853235,28.368735,48.3907966667,41.9240333333,29.22136,31.16432,0,1.6769896667,21.627495,20.4076916667
8,25.562764,28.3800173333,21.2402413333,19.2096403333,13.8980406667,16.7380703333,1.6769896667,0,21.5077233333,19.2771866667
9,16.5356783333,33.0410516667,24.5048516667,18.59598,22.9100016667,17.2351333333,21.627495,21.5077233333,0,18.4240833333
10,15.7408316667,37.9048683333,22.7289416667,47.4968016667,50.3437533333,52.2062933333,20.4076916667,19.2771866667,18.4240833333,0
