Probes,1,2,3,4,5,6,7,8,9,10
1,0,28.0331966667,11.0031383333,17.216805,19.9019766667,24.0980316667,26.208165,22.5258173333,16.65617,15.8280583333
2,28.0331966667,0,41.9474,20.553675,35.54137,26.370395,28.5596283333,27.3476716667,33.6828566667,38.1892433333
3,11.0031383333,41.9474,0,12.4513833333,27.6474483333,24.6054466667,18.72752,21.6268053333,21.420295,22.9629466667
4,17.216805,20.553675,12.4513833333,0,9.2530016667,21.2119666667,23.98499,19.21447,19.8505916667,24.006135
5,19.9019766667,35.54137,27.6474483333,9.2530016667,0,12.661915,28.980105,14.1440963333,21.633305,27.9253233333
6,24.0980316667,26.370395,24.6054466667,21.2119666667,12.661915,0,68.9770666667,16.5539173333,19.5828833333,54.684795
7,26.208165,28.5596283333,18.72752,23.98499,28.980105,68.9770666667,0,1.6258163333,43.7471333333,20.408285
8,22.5258173333,27.3476716667,21.6268053333,19.21447,14.1440963333,16.5539173333,1.6258163333,0,36.848795,18.6642933333
9,16.65617,33.6828566667,21.420295,19.8505916667,21.633305,19.5828833333,43.7471333333,36.848795,0,18.47928
10,15.8280583333,38.1892433333,22.9629466667,24.006135,27.9253233333,54.684795,20.408285,18.6642933333,18.47928,0
