Probes,1,2,3,4,5,6,7,8,9,10,11,12,13,14,15,16,17,18,19,20,21,22,23,24,25,26,27,28,29,30,31,32,33,34,35,36,37,38,39,40,41,42,43,44,45,46,47,48,49,50
1,0,27.8209816667,10.001154,17.19113,20.008215,19.5545833333,25.202695,22.4167016667,19.8695083333,16.0116166667
2,27.8209816667,0,12.310275,27.586105,17.1587633333,45.28044,39.29558,28.4401443333,33.02712,38.245135
3,10.001154,12.310275,0,12.4329,18.20261,10.837565,18.6394566667,24.8009963333,22.2394183333,23.6346316667
4,17.19113,27.586105,12.4329,0,7.4855,11.826165,23.7036116667,19.391692,23.4797466667,27.2273083333
5,20.008215,17.1587633333,18.20261,7.4855,0,5.6376066667,29.1728716667,19.831351,20.9231266667,27.727055
6,19.5545833333,45.28044,10.837565,11.826165,5.6376066667,0,30.88513,22.013705,17.7741166667,30.4305516667
7,25.202695,39.29558,18.6394566667,23.7036116667,29.1728716667,30.88513,0,1.632696,26.0688666667,62.76861
8,22.4167016667,28.4401443333,24.8009963333,19.391692,19.831351,22.013705,1.632696,0,45.6235816667,19.0037333333
9,19.8695083333,33.02712,22.2394183333,23.4797466667,20.9231266667,17.7741166667,26.0688666667,45.6235816667,0,18.6167483333
10,16.0116166667,38.245135,23.6346316667,27.2273083333,27.727055,30.4305516667,62.76861,19.0037333333,18.6167483333,0
