Probes,1,2,3,4,5,6,7,8,9,10,11,12,13,14,15,16,17,18,19,20,21,22,23,24,25,26,27,28,29,30,31,32,33,34,35
1,0,27.9285383333,9.97837,18.6584616667,19.9611833333,27.7678883333,24.7599033333,22.4045063333,20.5722316667,16.2873966667,22.8863583333,148.27597,161.7586616667,172.5713183333,2000,180.9714416667,289.20501,184.9520783333,148.16034,142.637597,133.2245266667,122.6307566667,121.6049683333,2000,105.6720216667,79.7476516667,152.1953233333,101.0386583333,2000,108.5493833333,226.065545,181.38809,2000,247.7156716667,54.6670883333
2,27.9285383333,0,41.264648,20.5908816667,17.006105,21.1685433333,28.19502,26.8755003333,33.2174766667,59.0451683333,33.0116183333,151.536965,159.9372033333,164.154655,2000,169.08744,157.6302666667,176.5545883333,158.4429133333,229.2895183333,134.1455466667,132.617065,123.4228433333,2000,100.2855983333,85.2828616667,104.4617316667,118.3128383333,2000,102.763635,242.7012816667,184.9443766667,2000,265.1188483333,77.96527
3,9.97837,41.264648,0,13.5370416667,8.8013366667,19.508035,18.5477666667,21.4271143333,25.1008766667,22.7684983333,25.5151583333,125.7813016667,140.2861733333,153.9167416667,2000,153.6652616667,292.3482283333,187.1837433333,130.3977533333,132.7864586667,123.42508,129.10806,126.2045533333,2000,94.01034,75.2128883333,85.4556283333,100.6478466667,2000,97.9404166667,232.189265,175.8038966667,2000,248.70522,54.963095
4,18.6584616667,20.5908816667,13.5370416667,0,6.4479333333,22.71998,25.4727166667,19.161243,18.6815966667,23.8440616667,30.47503,134.21187,151.9262633333,157.65802,2000,170.513415,154.4260116667,180.2321433333,148.0321033333,277.0307116667,156.7894383333,109.8224333333,126.2917016667,2000,102.4799166667,88.7620083333,102.7923633333,121.3555533333,2000,120.4286733333,224.2501375,174.3389283333,2000,229.7090716667,46.2170566667
5,19.9611833333,17.006105,8.8013366667,6.4479333333,0,13.9790566667,28.6906516667,14.1073933333,20.8244383333,27.7230583333,35.765495,141.5394383333,176.3165,175.3770416667,2000,176.4149883333,167.8183383333,184.46674,145.9784716667,142.3757083333,143.4742083333,123.4010133333,126.7295383333,2000,106.3380633333,84.93591,159.56351,104.1786116667,2000,114.1295016667,239.1582033333,174.6218516667,2000,250.308565,47.076295
6,27.7678883333,21.1685433333,19.508035,22.71998,13.9790566667,0,30.9841233333,16.2302496667,18.075845,30.0585966667,21.117115,140.1855516667,150.0939333333,181.4905,2000,176.3535266667,157.9679083333,181.8697783333,146.0986583333,136.4091153333,148.5798966667,121.6381483333,126.2979616667,2000,108.7319116667,89.178415,92.7991983333,103.5347666667,2000,118.6474416667,237.4119533333,173.4845833333,2000,280.2513966667,51.5479633333
7,24.7599033333,28.19502,18.5477666667,25.4727166667,28.6906516667,30.9841233333,0,1.653487,29.22893,20.446595,27.2504566667,165.9132316667,195.4489566667,190.223535,2000,193.3499866667,185.1097866667,195.770445,158.6530033333,193.5385983333,156.87377,127.8007783333,137.6343733333,2000,121.5636033333,97.3628683333,121.6339666667,114.6564016667,2000,132.3471383333,243.313715,184.5454066667,2000,279.766765,59.322065
8,22.4045063333,26.8755003333,21.4271143333,19.161243,14.1073933333,16.2302496667,1.653487,0,51.5158133333,18.6603383333,23.4554666667,174.1750216667,176.7556816667,185.7028516667,2000,191.843915,169.5473566667,191.9430533333,169.62727,145.2912933333,157.2610316667,123.3595966667,140.9283933333,2000,116.3194066667,103.176485,113.2436533333,116.92384,2000,117.16852,245.3671366667,242.1567466667,2000,357.1514133333,61.9338516667
9,20.5722316667,33.2174766667,25.1008766667,18.6815966667,20.8244383333,18.075845,29.22893,51.5158133333,0,18.4080066667,18.5574466667,143.231655,169.3273066667,178.9990516667,2000,180.38063,165.2577783333,167.51173,163.9055583333,138.9967636667,148.1171933333,123.5499933333,124.701475,2000,110.4599183333,94.147605,104.427125,123.7350116667,2000,124.6112566667,234.75071,174.86513,2000,357.517675,55.6479866667
10,16.2873966667,59.0451683333,22.7684983333,23.8440616667,27.7230583333,30.0585966667,20.446595,18.6603383333,18.4080066667,0,35.97234,151.5815433333,169.5967516667,196.35964,2000,190.204365,176.553095,190.4493083333,172.1513,167.255841,146.9180966667,175.9780466667,125.984145,2000,152.8251966667,99.4340683333,103.43037,122.49825,2000,121.203965,245.1489,244.337705,2000,196.0347933333,55.3252
11,22.8863583333,33.0116183333,25.5151583333,30.47503,35.765495,21.117115,27.2504566667,23.4554666667,18.5574466667,35.97234,0,179.8756216667,196.38585,187.5885516667,2000,192.0555516667,177.5855616667,207.314445,178.963235,197.3276553333,170.533945,137.79778,139.4100066667,2000,126.6185033333,110.2812483333,122.0485183333,116.86694,2000,129.452485,243.6357283333,179.13573,2000,292.2874116667,61.5705566667
12,148.27597,151.536965,125.7813016667,134.21187,141.5394383333,140.1855516667,165.9132316667,174.1750216667,143.231655,151.5815433333,179.8756216667,0,31.6089483333,10.9077783333,2000,48.654435,40.7598366667,77.33803,32.2857183333,134.841627,97.5421916667,84.1649633333,87.4240266667,2000,113.4212683333,70.4383616667,88.7890483333,82.40679,2000,73.74049,203.7947,164.2537,2000,121.82091,221.9318333333
13,161.7586616667,159.9372033333,140.2861733333,151.9262633333,176.3165,150.0939333333,195.4489566667,176.7556816667,169.3273066667,169.5967516667,196.38585,31.6089483333,0,2000,2000,2000,2000,2000,2000,2000,2000,2000,2000,2000,2000,2000,2000,2000,2000,2000,2000,2000,2000,2000,2000
14,172.5713183333,164.154655,153.9167416667,157.65802,175.3770416667,181.4905,190.223535,185.7028516667,178.9990516667,196.35964,187.5885516667,10.9077783333,2000,0,2000,52.9203183333,60.408675,86.7765733333,41.954145,361.9257046667,113.9801466667,83.0613033333,108.11271,2000,116.7105833333,77.95225,102.1006816667,121.3124383333,2000,90.450065,224.8601225,191.62229,2000,116.5113883333,232.352855
15,2000,2000,2000,2000,2000,2000,2000,2000,2000,2000,2000,2000,2000,2000,0,50.86873,36.1594433333,77.0837316667,42.06902,397.1395353333,72.982815,74.9209733333,107.1815883333,2000,88.18644,78.3905866667,100.1022016667,116.4169816667,2000,111.0961816667,225.40184,204.8044916667,2000,134.78483,239.35584
16,180.9714416667,169.08744,153.6652616667,170.513415,176.4149883333,176.3535266667,193.3499866667,191.843915,180.38063,190.204365,192.0555516667,48.654435,2000,52.9203183333,50.86873,0,59.4076616667,102.1223966667,33.5404,288.9869383333,96.26296,80.3569183333,121.2765366667,2000,80.866395,89.4710983333,99.4330483333,118.5448066667,2000,97.157165,222.190425,235.9120433333,2000,138.2311866667,226.1593283333
17,289.20501,157.6302666667,292.3482283333,154.4260116667,167.8183383333,157.9679083333,185.1097866667,169.5473566667,165.2577783333,176.553095,177.5855616667,40.7598366667,2000,60.408675,36.1594433333,59.4076616667,0,37.8425366667,20.313465,71.2092303333,68.359445,65.9692433333,100.5086916667,2000,72.6149866667,82.1361166667,92.9140583333,96.5997183333,2000,142.12049,197.293225,170.68394,2000,124.8469216667,197.01324
18,184.9520783333,176.5545883333,187.1837433333,180.2321433333,184.46674,181.8697783333,195.770445,191.9430533333,167.51173,190.4493083333,207.314445,77.33803,2000,86.7765733333,77.0837316667,102.1223966667,37.8425366667,0,21.5966633333,82.9721763333,84.9109766667,61.9065383333,100.0321616667,2000,71.4549816667,85.31523,94.2560433333,103.956705,2000,102.1598916667,226.8782283333,179.0884833333,2000,124.3204466667,202.7270333333
19,148.16034,158.4429133333,130.3977533333,148.0321033333,145.9784716667,146.0986583333,158.6530033333,169.62727,163.9055583333,172.1513,178.963235,32.2857183333,2000,41.954145,42.06902,33.5404,20.313465,21.5966633333,0,81.8707365,57.8196933333,63.2265216667,72.6539233333,2000,48.4839183333,64.68088,71.0203766667,80.98798,2000,71.4905333333,214.758135,159.353365,2000,114.1883266667,208.9711866667
20,142.637597,229.2895183333,132.7864586667,277.0307116667,142.3757083333,136.4091153333,193.5385983333,145.2912933333,138.9967636667,167.255841,197.3276553333,134.841627,2000,361.9257046667,397.1395353333,288.9869383333,71.2092303333,82.9721763333,81.8707365,0,37.2709916667,39.56354,55.93723,2000,55.7869383333,49.1395583333,73.4236666667,72.087105,2000,76.2367516667,2000,212.24263,2000,169.29938,169.45223
21,133.2245266667,134.1455466667,123.42508,156.7894383333,143.4742083333,148.5798966667,156.87377,157.2610316667,148.1171933333,146.9180966667,170.533945,97.5421916667,2000,113.9801466667,72.982815,96.26296,68.359445,84.9109766667,57.8196933333,37.2709916667,0,45.7239233333,52.4221466667,2000,34.7650166667,55.186375,65.3927633333,72.139815,2000,54.059975,197.6063316667,220.4530866667,2000,180.93319,186.806005
22,122.6307566667,132.617065,129.10806,109.8224333333,123.4010133333,121.6381483333,127.8007783333,123.3595966667,123.5499933333,175.9780466667,137.79778,84.1649633333,2000,83.0613033333,74.9209733333,80.3569183333,65.9692433333,61.9065383333,63.2265216667,39.56354,45.7239233333,0,63.2604266667,2000,35.7134116667,59.1543566667,44.911005,75.2620616667,2000,66.0041716667,161.5640966667,282.2572033333,2000,167.0410816667,157.3905133333
23,121.6049683333,123.4228433333,126.2045533333,126.2917016667,126.7295383333,126.2979616667,137.6343733333,140.9283933333,124.701475,125.984145,139.4100066667,87.4240266667,2000,108.11271,107.1815883333,121.2765366667,100.5086916667,100.0321616667,72.6539233333,55.93723,52.4221466667,63.2604266667,0,2000,34.268945,56.2893116667,57.38714,45.0784766667,2000,68.77794,143.8992766667,226.1441066667,2000,191.734405,150.416425
24,2000,2000,2000,2000,2000,2000,2000,2000,2000,2000,2000,2000,2000,2000,2000,2000,2000,2000,2000,2000,2000,2000,2000,0,56.226605,57.2610316667,60.9130983333,72.8740783333,2000,84.9144016667,151.60733,258.097045,2000,202.5438483333,189.45416
25,105.6720216667,100.2855983333,94.01034,102.4799166667,106.3380633333,108.7319116667,121.5636033333,116.3194066667,110.4599183333,152.8251966667,126.6185033333,113.4212683333,2000,116.7105833333,88.18644,80.866395,72.6149866667,71.4549816667,48.4839183333,55.7869383333,34.7650166667,35.7134116667,34.268945,56.226605,0,23.8511933333,31.0421966667,36.5804666667,2000,38.5607833333,156.38042,232.0745633333,2000,152.1439816667,154.2510416667
26,79.7476516667,85.2828616667,75.2128883333,88.7620083333,84.93591,89.178415,97.3628683333,103.176485,94.147605,99.4340683333,110.2812483333,70.4383616667,2000,77.95225,78.3905866667,89.4710983333,82.1361166667,85.31523,64.68088,49.1395583333,55.186375,59.1543566667,56.2893116667,57.2610316667,23.8511933333,0,13.0794766667,24.5414966667,2000,37.231035,149.2367383333,227.9517566667,2000,165.427915,129.74677
27,152.1953233333,104.4617316667,85.4556283333,102.7923633333,159.56351,92.7991983333,121.6339666667,113.2436533333,104.427125,103.43037,122.0485183333,88.7890483333,2000,102.1006816667,100.1022016667,99.4330483333,92.9140583333,94.2560433333,71.0203766667,73.4236666667,65.3927633333,44.911005,57.38714,60.9130983333,31.0421966667,13.0794766667,0,29.8569433333,2000,51.6216133333,161.9052616667,235.776895,2000,187.29435,134.38185
28,101.0386583333,118.3128383333,100.6478466667,121.3555533333,104.1786116667,103.5347666667,114.6564016667,116.92384,123.7350116667,122.49825,116.86694,82.40679,2000,121.3124383333,116.4169816667,118.5448066667,96.5997183333,103.956705,80.98798,72.087105,72.139815,75.2620616667,45.0784766667,72.8740783333,36.5804666667,24.5414966667,29.8569433333,0,2000,48.9429283333,155.01203,235.8342816667,2000,187.8865316667,148.01819
29,2000,2000,2000,2000,2000,2000,2000,2000,2000,2000,2000,2000,2000,2000,2000,2000,2000,2000,2000,2000,2000,2000,2000,2000,2000,2000,2000,2000,0,63.1481633333,152.9902583333,233.5406283333,2000,190.9387133333,145.7543983333
30,108.5493833333,102.763635,97.9404166667,120.4286733333,114.1295016667,118.6474416667,132.3471383333,117.16852,124.6112566667,121.203965,129.452485,73.74049,2000,90.450065,111.0961816667,97.157165,142.12049,102.1598916667,71.4905333333,76.2367516667,54.059975,66.0041716667,68.77794,84.9144016667,38.5607833333,37.231035,51.6216133333,48.9429283333,63.1481633333,0,185.7270775,272.6936566667,2000,2000,191.97516
31,226.065545,242.7012816667,232.189265,224.2501375,239.1582033333,237.4119533333,243.313715,245.3671366667,234.75071,245.1489,243.6357283333,203.7947,2000,224.8601225,225.40184,222.190425,197.293225,226.8782283333,214.758135,2000,197.6063316667,161.5640966667,143.8992766667,151.60733,156.38042,149.2367383333,161.9052616667,155.01203,152.9902583333,185.7270775,0,348.406375,2000,371.6446283333,277.4541
32,181.38809,184.9443766667,175.8038966667,174.3389283333,174.6218516667,173.4845833333,184.5454066667,242.1567466667,174.86513,244.337705,179.13573,164.2537,2000,191.62229,204.8044916667,235.9120433333,170.68394,179.0884833333,159.353365,212.24263,220.4530866667,282.2572033333,226.1441066667,258.097045,232.0745633333,227.9517566667,235.776895,235.8342816667,233.5406283333,272.6936566667,348.406375,0,2000,84.447535,293.3139933333
33,2000,2000,2000,2000,2000,2000,2000,2000,2000,2000,2000,2000,2000,2000,2000,2000,2000,2000,2000,2000,2000,2000,2000,2000,2000,2000,2000,2000,2000,2000,2000,2000,0,2000,2000
34,247.7156716667,265.1188483333,248.70522,229.7090716667,250.308565,280.2513966667,279.766765,357.1514133333,357.517675,196.0347933333,292.2874116667,121.82091,2000,116.5113883333,134.78483,138.2311866667,124.8469216667,124.3204466667,114.1883266667,169.29938,180.93319,167.0410816667,191.734405,202.5438483333,152.1439816667,165.427915,187.29435,187.8865316667,190.9387133333,2000,371.6446283333,84.447535,2000,0,2000
35,54.6670883333,77.96527,54.963095,46.2170566667,47.076295,51.5479633333,59.322065,61.9338516667,55.6479866667,55.3252,61.5705566667,221.9318333333,2000,232.352855,239.35584,226.1593283333,197.01324,202.7270333333,208.9711866667,169.45223,186.806005,157.3905133333,150.416425,189.45416,154.2510416667,129.74677,134.38185,148.01819,145.7543983333,191.97516,277.4541,293.3139933333,2000,2000,0
