Probes,1,2,3,4,5,6,7,8,9,10
1,0,28.0626983333,9.9220496667,17.2245666667,20.3747866667,19.4571566667,25.59968,22.426632,16.5511266667,15.818765
2,28.0626983333,0,17.8839073333,20.149645,32.741655,19.66196,28.7712183333,28.294597,47.4791333333,37.9457016667
3,9.9220496667,17.8839073333,0,17.0515283333,10.3270766667,11.012955,21.0750016667,21.3362526667,20.5303433333,22.501285
4,17.2245666667,20.149645,17.0515283333,0,8.8096916667,8.62395,24.49702,23.1414813333,18.7124166667,23.9897383333
5,20.3747866667,32.741655,10.3270766667,8.8096916667,0,12.49163,29.03915,14.0474086667,20.93325,27.6886616667
6,19.4571566667,19.66196,11.012955,8.62395,12.49163,0,30.7689733333,16.231556,46.8221966667,30.0391116667
7,25.59968,28.7712183333,21.0750016667,24.49702,29.03915,30.7689733333,0,1.913101,29.470205,20.5009333333
8,22.426632,28.294597,21.3362526667,23.1414813333,14.0474086667,16.231556,1.913101,0,23.8984,18.57054
9,16.5511266667,47.4791333333,20.5303433333,18.7124166667,20.93325,46.8221966667,29.470205,23.8984,0,18.3333983333
10,15.818765,37.9457016667,22.501285,23.9897383333,27.6886616667,30.0391116667,20.5009333333,18.57054,18.3333983333,0
