Probes,1,2,3,4,5,6,7,8,9,10,11,12,13,14,15,16,17,18,19,20,21,22,23,24,25,26,27,28,29,30,31,32,33,34,35,36,37,38,39,40,41,42,43,44,45,46,47,48,49,50
1,0,27.8696883333,10.025218,17.267535,26.4276083333,19.562415,24.8464483333,22.4742323333,30.61858,18.84515
2,27.8696883333,0,12.318722,19.8175283333,16.8373033333,19.6105983333,28.3998866667,26.8374806667,33.0119016667,37.80797
3,10.025218,12.318722,0,12.5098583333,8.6601783333,10.956215,20.5009583333,21.3851056667,20.5991916667,22.6852183333
4,17.267535,19.8175283333,12.5098583333,0,6.625195,37.0000416667,23.5856616667,23.8898896667,18.621035,26.1372083333
5,26.4276083333,16.8373033333,8.6601783333,6.625195,0,17.944015,63.214255,14.0085283333,20.74434,41.4817633333
6,19.562415,19.6105983333,10.956215,37.0000416667,17.944015,0,48.980235,16.2379016667,15.8932216667,42.7880583333
7,24.8464483333,28.3998866667,20.5009583333,23.5856616667,63.214255,48.980235,0,1.6103823333,21.211305,36.2994133333
8,22.4742323333,26.8374806667,21.3851056667,23.8898896667,14.0085283333,16.2379016667,1.6103823333,0,18.969355,35.42069
9,30.61858,33.0119016667,20.5991916667,18.621035,20.74434,15.8932216667,21.211305,18.969355,0,18.6793433333
10,18.84515,37.80797,22.6852183333,26.1372083333,41.4817633333,42.7880583333,36.2994133333,35.42069,18.6793433333,0
