Probes,1,2,3,4,5,6,7,8,9,10,11,12,13,14,15,16,17,18,19,20,21,22,23,24,25,26,27,28,29,30,31,32,33,34,35
1,0,27.9149183333,39.930376,17.3062383333,22.8485316667,19.468405,25.001385,22.3914206667,16.4570666667,15.5516,20.3720666667,148.2429766667,161.6427283333,172.687385,2000,181.35443,158.96238,181.0300366667,189.4130233333,168.0128336667,133.76311,121.8303983333,174.1931666667,2000,106.0178833333,99.0163033333,152.1957033333,96.4269816667,2000,114.1926483333,231.228765,181.19185,2000,241.6041783333,54.4417666667
2,27.9149183333,0,12.3822106667,20.34401,16.908465,32.70738,56.9997316667,26.9017036667,32.9000716667,37.879315,55.412935,151.5967933333,158.0197116667,165.105295,2000,169.6825516667,155.3902683333,173.11385,185.6352516667,133.6709383333,135.4196166667,132.8077133333,150.4595116667,2000,97.77564,104.0727566667,102.8622683333,143.8007283333,2000,103.0324033333,242.015355,184.96371,2000,264.88369,59.84811
3,39.930376,12.3822106667,0,12.3069333333,8.7593383333,10.9494966667,19.12725,21.447494,20.7390216667,22.8382966667,25.3179533333,125.8898983333,139.5111683333,154.4240283333,2000,153.9968016667,164.400195,177.2676033333,177.67575,127.5392253333,122.582905,129.80333,150.46415,2000,93.8619683333,84.869315,84.7740316667,96.3726716667,2000,99.38425,226.860535,175.6602066667,2000,248.95256,55.0246633333
4,17.3062383333,20.34401,12.3069333333,0,23.4874466667,10.2728366667,24.8691966667,19.2083966667,20.8779733333,23.9264583333,28.493025,134.540055,151.4868833333,158.57422,2000,171.25195,155.151425,172.7022516667,189.43698,184.328741,156.113125,109.81872,148.9356616667,2000,102.3667366667,105.218575,103.7967166667,121.0768316667,2000,120.7551416667,222.4106916667,174.3048133333,2000,229.7390033333,45.9022483333
5,22.8485316667,16.908465,8.7593383333,23.4874466667,0,43.26021,39.3049166667,51.1349806667,82.6125183333,27.53555,72.0114066667,149.9628866667,176.2483783333,198.03667,2000,190.2139766667,167.1522166667,235.4567,187.7219266667,155.0950706667,146.93784,156.608655,223.3667983333,2000,106.4045783333,190.1708233333,159.0552283333,162.7213066667,2000,140.1415116667,242.5454633333,174.5885366667,2000,250.9233783333,45.52138
6,19.468405,32.70738,10.9494966667,10.2728366667,43.26021,0,30.9925483333,16.1847043333,15.94769,30.0989283333,61.6335566667,140.2138866667,148.4554466667,181.8624183333,2000,177.9825,160.632945,179.321575,187.944615,136.6420753333,148.2309366667,121.4088966667,152.5231183333,2000,108.6321983333,108.044355,92.8844016667,103.13754,2000,118.87879,235.3900016667,177.509895,2000,281.0674,51.7046283333
7,25.001385,56.9997316667,19.12725,24.8691966667,39.3049166667,30.9925483333,0,1.6320543333,25.3375266667,20.5063,59.5048983333,166.4951916667,195.0345966667,190.606375,2000,194.3959166667,183.895655,190.3653983333,200.2316316667,221.2244923333,157.95779,128.2011516667,161.5058383333,2000,123.0484566667,111.5381416667,122.98053,156.18298,2000,132.9078933333,246.7831683333,183.9932633333,2000,280.2430666667,59.3926383333
8,22.3914206667,26.9017036667,21.447494,19.2083966667,51.1349806667,16.1847043333,1.6320543333,0,53.1751883333,33.0133966667,23.534355,174.0725116667,176.925465,185.3396483333,2000,191.741685,169.0452433333,171.0777316667,204.7507516667,164.204065,157.7097883333,135.5395566667,160.5474433333,2000,142.0526066667,103.2727766667,111.7566933333,157.1038233333,2000,123.748355,247.2759116667,241.9769133333,2000,356.103005,76.50739
9,16.4570666667,32.9000716667,20.7390216667,20.8779733333,82.6125183333,15.94769,25.3375266667,53.1751883333,0,24.212655,61.3542233333,143.2111633333,168.653145,178.8180866667,2000,180.030125,163.3012066667,166.2097833333,192.979185,255.299123,148.87924,135.7667283333,160.8063166667,2000,110.45949,94.17615,102.79245,152.2460533333,2000,122.620505,238.6292333333,178.4083383333,2000,356.9071233333,74.3210466667
10,15.5516,37.879315,22.8382966667,23.9264583333,27.53555,30.0989283333,20.5063,33.0133966667,24.212655,0,23.0636533333,151.6164633333,169.460275,195.9344316667,2000,190.2910433333,177.57678,178.4663283333,199.3372366667,164.8118093333,146.67511,176.0601133333,151.0691166667,2000,151.5771983333,119.08024,102.14755,151.36496,2000,120.7246433333,244.6752333333,244.38936,2000,195.3648133333,55.25192
11,20.3720666667,55.412935,25.3179533333,28.493025,72.0114066667,61.6335566667,59.5048983333,23.534355,61.3542233333,23.0636533333,0,180.0983066667,196.7996133333,187.5582216667,2000,191.4715983333,180.6073266667,203.6586316667,173.265755,169.860898,173.0335816667,146.6171533333,148.270165,2000,114.7401066667,104.6392783333,120.2010866667,140.45761,2000,153.7501283333,243.2287116667,179.0256066667,2000,294.18941,66.0354166667
12,148.2429766667,151.5967933333,125.8898983333,134.540055,149.9628866667,140.2138866667,166.4951916667,174.0725116667,143.2111633333,151.6164633333,180.0983066667,0,61.56885,26.2687016667,2000,52.212295,51.654635,44.3349733333,30.64867,85.2672166667,98.8735616667,85.0942933333,87.4719616667,2000,102.4690016667,69.809755,79.8578583333,110.8982716667,2000,75.1603883333,203.4986516667,164.206955,2000,121.405205,221.934755
13,161.6427283333,158.0197116667,139.5111683333,151.4868833333,176.2483783333,148.4554466667,195.0345966667,176.925465,168.653145,169.460275,196.7996133333,61.56885,0,2000,2000,2000,2000,2000,2000,2000,2000,2000,2000,2000,2000,2000,2000,2000,2000,2000,2000,2000,2000,2000,2000
14,172.687385,165.105295,154.4240283333,158.57422,198.03667,181.8624183333,190.606375,185.3396483333,178.8180866667,195.9344316667,187.5582216667,26.2687016667,2000,0,2000,49.3419566667,43.2525583333,47.9348833333,42.0991566667,114.0987103333,117.28571,82.9638166667,108.6147283333,2000,102.6930366667,77.7790666667,94.9462266667,122.9684016667,2000,93.5908333333,228.6061516667,190.88586,2000,110.8747683333,232.2051666667
15,2000,2000,2000,2000,2000,2000,2000,2000,2000,2000,2000,2000,2000,2000,0,43.5794633333,36.8503066667,43.5231883333,26.4593,137.3401873333,74.3589083333,74.5981066667,114.0654333333,2000,83.9938033333,78.2954583333,95.5604966667,130.4763066667,2000,110.5673766667,217.4488333333,202.6633633333,2000,129.4184116667,238.00179
16,181.35443,169.6825516667,153.9968016667,171.25195,190.2139766667,177.9825,194.3959166667,191.741685,180.030125,190.2910433333,191.4715983333,52.212295,2000,49.3419566667,43.5794633333,0,55.4813333333,58.2609583333,33.414845,176.104739,95.421485,80.5379333333,121.1739633333,2000,81.264755,89.4400816667,100.563495,130.7738916667,2000,100.48657,223.8038766667,236.1992533333,2000,137.5759333333,226.3145983333
17,158.96238,155.3902683333,164.400195,155.151425,167.1522166667,160.632945,183.895655,169.0452433333,163.3012066667,177.57678,180.6073266667,51.654635,2000,43.2525583333,36.8503066667,55.4813333333,0,44.3542216667,22.9693466667,98.9286593333,71.7283116667,68.488965,99.91904,2000,61.0116733333,82.4126283333,86.9796483333,112.81988,2000,97.2246333333,202.6105916667,170.512855,2000,122.6031966667,197.089225
18,181.0300366667,173.11385,177.2676033333,172.7022516667,235.4567,179.321575,190.3653983333,171.0777316667,166.2097833333,178.4663283333,203.6586316667,44.3349733333,2000,47.9348833333,43.5231883333,58.2609583333,44.3542216667,0,22.801605,75.107855,84.89137,54.979775,101.5972483333,2000,78.0020516667,87.0668916667,91.1284483333,101.1383633333,2000,103.7447683333,195.2060266667,177.464175,2000,121.36447,205.5198133333
19,189.4130233333,185.6352516667,177.67575,189.43698,187.7219266667,187.944615,200.2316316667,204.7507516667,192.979185,199.3372366667,173.265755,30.64867,2000,42.0991566667,26.4593,33.414845,22.9693466667,22.801605,0,63.4503806667,58.7893116667,55.3681033333,73.485115,2000,48.5434183333,64.6418966667,69.0559483333,77.8145266667,2000,75.8503,198.988695,159.3413,2000,122.9734983333,209.0189666667
20,168.0128336667,133.6709383333,127.5392253333,184.328741,155.0950706667,136.6420753333,221.2244923333,164.204065,255.299123,164.8118093333,169.860898,85.2672166667,2000,114.0987103333,137.3401873333,176.104739,98.9286593333,75.107855,63.4503806667,0,48.015215,39.314335,56.057695,2000,52.541625,49.8344783333,66.029165,62.9372975,2000,73.232675,196.8963,216.7104516667,2000,168.47274,170.1603025
21,133.76311,135.4196166667,122.582905,156.113125,146.93784,148.2309366667,157.95779,157.7097883333,148.87924,146.67511,173.0335816667,98.8735616667,2000,117.28571,74.3589083333,95.421485,71.7283116667,84.89137,58.7893116667,48.015215,0,45.6758433333,53.4421383333,2000,35.00471,55.4087916667,64.52824,68.3802933333,2000,53.587285,200.3559433333,219.8461683333,2000,180.1586266667,186.7059366667
22,121.8303983333,132.8077133333,129.80333,109.81872,156.608655,121.4088966667,128.2011516667,135.5395566667,135.7667283333,176.0601133333,146.6171533333,85.0942933333,2000,82.9638166667,74.5981066667,80.5379333333,68.488965,54.979775,55.3681033333,39.314335,45.6758433333,0,64.5278766667,2000,35.7262766667,68.8369966667,45.3428783333,76.9699666667,2000,82.1542283333,166.94586,282.1500316667,2000,165.7301566667,157.3917466667
23,174.1931666667,150.4595116667,150.46415,148.9356616667,223.3667983333,152.5231183333,161.5058383333,160.5474433333,160.8063166667,151.0691166667,148.270165,87.4719616667,2000,108.6147283333,114.0654333333,121.1739633333,99.91904,101.5972483333,73.485115,56.057695,53.4421383333,64.5278766667,0,2000,43.03092,39.7589833333,43.7321316667,49.3922333333,2000,96.71358,145.4969766667,244.4880716667,2000,191.83014,157.8633033333
24,2000,2000,2000,2000,2000,2000,2000,2000,2000,2000,2000,2000,2000,2000,2000,2000,2000,2000,2000,2000,2000,2000,2000,0,61.7226716667,54.2305683333,64.1781666667,71.824465,2000,85.6588366667,148.3238583333,255.1446083333,2000,201.954195,186.8603716667
25,106.0178833333,97.77564,93.8619683333,102.3667366667,106.4045783333,108.6321983333,123.0484566667,142.0526066667,110.45949,151.5771983333,114.7401066667,102.4690016667,2000,102.6930366667,83.9938033333,81.264755,61.0116733333,78.0020516667,48.5434183333,52.541625,35.00471,35.7262766667,43.03092,61.7226716667,0,21.7706233333,34.43217,35.4126483333,2000,40.32086,154.4898083333,232.193865,2000,151.8373966667,154.2212133333
26,99.0163033333,104.0727566667,84.869315,105.218575,190.1708233333,108.044355,111.5381416667,103.2727766667,94.17615,119.08024,104.6392783333,69.809755,2000,77.7790666667,78.2954583333,89.4400816667,82.4126283333,87.0668916667,64.6418966667,49.8344783333,55.4087916667,68.8369966667,39.7589833333,54.2305683333,21.7706233333,0,16.1317383333,21.0758183333,2000,37.6809816667,148.4526866667,227.643715,2000,164.70663,129.4508233333
27,152.1957033333,102.8622683333,84.7740316667,103.7967166667,159.0552283333,92.8844016667,122.98053,111.7566933333,102.79245,102.14755,120.2010866667,79.8578583333,2000,94.9462266667,95.5604966667,100.563495,86.9796483333,91.1284483333,69.0559483333,66.029165,64.52824,45.3428783333,43.7321316667,64.1781666667,34.43217,16.1317383333,0,29.7082983333,2000,57.26759,162.0955983333,231.6536816667,2000,188.316975,134.5089583333
28,96.4269816667,143.8007283333,96.3726716667,121.0768316667,162.7213066667,103.13754,156.18298,157.1038233333,152.2460533333,151.36496,140.45761,110.8982716667,2000,122.9684016667,130.4763066667,130.7738916667,112.81988,101.1383633333,77.8145266667,62.9372975,68.3802933333,76.9699666667,49.3922333333,71.824465,35.4126483333,21.0758183333,29.7082983333,0,2000,42.1972316667,153.7349866667,235.61423,2000,184.1825166667,143.8699616667
29,2000,2000,2000,2000,2000,2000,2000,2000,2000,2000,2000,2000,2000,2000,2000,2000,2000,2000,2000,2000,2000,2000,2000,2000,2000,2000,2000,2000,0,67.4045483333,153.33271,235.15122,2000,189.7573583333,146.5119666667
30,114.1926483333,103.0324033333,99.38425,120.7551416667,140.1415116667,118.87879,132.9078933333,123.748355,122.620505,120.7246433333,153.7501283333,75.1603883333,2000,93.5908333333,110.5673766667,100.48657,97.2246333333,103.7447683333,75.8503,73.232675,53.587285,82.1542283333,96.71358,85.6588366667,40.32086,37.6809816667,57.26759,42.1972316667,67.4045483333,0,177.0539016667,251.901165,2000,2000,166.2822625
31,231.228765,242.015355,226.860535,222.4106916667,242.5454633333,235.3900016667,246.7831683333,247.2759116667,238.6292333333,244.6752333333,243.2287116667,203.4986516667,2000,228.6061516667,217.4488333333,223.8038766667,202.6105916667,195.2060266667,198.988695,196.8963,200.3559433333,166.94586,145.4969766667,148.3238583333,154.4898083333,148.4526866667,162.0955983333,153.7349866667,153.33271,177.0539016667,0,349.2989516667,2000,372.7318933333,271.37883
32,181.19185,184.96371,175.6602066667,174.3048133333,174.5885366667,177.509895,183.9932633333,241.9769133333,178.4083383333,244.38936,179.0256066667,164.206955,2000,190.88586,202.6633633333,236.1992533333,170.512855,177.464175,159.3413,216.7104516667,219.8461683333,282.1500316667,244.4880716667,255.1446083333,232.193865,227.643715,231.6536816667,235.61423,235.15122,251.901165,349.2989516667,0,2000,57.4697966667,293.2589266667
33,2000,2000,2000,2000,2000,2000,2000,2000,2000,2000,2000,2000,2000,2000,2000,2000,2000,2000,2000,2000,2000,2000,2000,2000,2000,2000,2000,2000,2000,2000,2000,2000,0,2000,2000
34,241.6041783333,264.88369,248.95256,229.7390033333,250.9233783333,281.0674,280.2430666667,356.103005,356.9071233333,195.3648133333,294.18941,121.405205,2000,110.8747683333,129.4184116667,137.5759333333,122.6031966667,121.36447,122.9734983333,168.47274,180.1586266667,165.7301566667,191.83014,201.954195,151.8373966667,164.70663,188.316975,184.1825166667,189.7573583333,2000,372.7318933333,57.4697966667,2000,0,2000
35,54.4417666667,59.84811,55.0246633333,45.9022483333,45.52138,51.7046283333,59.3926383333,76.50739,74.3210466667,55.25192,66.0354166667,221.934755,2000,232.2051666667,238.00179,226.3145983333,197.089225,205.5198133333,209.0189666667,170.1603025,186.7059366667,157.3917466667,157.8633033333,186.8603716667,154.2212133333,129.4508233333,134.5089583333,143.8699616667,146.5119666667,166.2822625,271.37883,293.2589266667,2000,2000,0
