Probes,1,2,3,4,5,6,7,8,9,10,11,12,13,14,15,16,17,18,19,20,21,22,23,24,25,26,27,28,29,30,31,32,33,34,35
1,0,28.164225,41.3557843333,17.158725,19.9852716667,19.5204766667,25.2181433333,22.5323803333,16.6251633333,39.0661383333,117.0530083333,148.4439425,162.1492225,173.3090333333,2000,181.4580375,159.645595,166.4903925,148.2714266667,133.506074,134.64924,122.115325,121.75367,2000,105.74208,79.8536816667,151.43389,96.5496225,2000,113.0239433333,229.15635,181.5615733333,2000,239.9882683333,54.6639183333
2,28.164225,0,13.1517466667,20.1511,17.0029933333,19.674045,28.3513683333,26.9173536667,33.0220766667,42.94279,30.5999416667,151.6493683333,156.82827,164.9122733333,2000,169.4714,155.6954633333,164.2980083333,142.615965,248.6167536667,135.15819,132.7896033333,126.617195,2000,100.19231,85.3694866667,102.147475,94.0356283333,2000,105.6577733333,234.8449083333,184.8969783333,2000,266.120265,60.0166366667
3,41.3557843333,13.1517466667,0,12.4716683333,8.91682,11.3625716667,18.8338983333,21.536231,30.208725,23.0086166667,25.86768,125.6938416667,138.6074433333,154.23009,2000,155.3347083333,164.4553,171.711085,130.774555,187.4501496667,123.7768766667,129.6779266667,129.388625,2000,93.9058483333,75.3014233333,99.4771516667,96.1248316667,2000,101.6931216667,232.608335,175.9641016667,2000,248.91343,56.1110866667
4,17.158725,20.1511,12.4716683333,0,7.94996,11.6877633333,25.1185283333,19.222251,33.8641816667,40.6096416667,131.87025,134.1579716667,151.1679916667,158.301275,2000,173.801345,282.367305,164.4509266667,148.079415,190.9714303333,159.030555,109.7730816667,136.5603316667,2000,102.594115,88.6374925,103.27754,120.9582833333,2000,120.701545,227.024655,174.1958533333,2000,229.9342033333,45.8354566667
5,19.9852716667,17.0029933333,8.91682,7.94996,0,5.7152616667,29.0107033333,13.9301486667,20.6503783333,45.5939433333,35.3298733333,141.0670383333,176.549335,173.07938,2000,177.2813416667,166.645365,193.9624683333,145.7638466667,220.8468923333,144.81265,120.374685,131.137795,2000,106.2451833333,84.868635,159.6530016667,101.0480633333,2000,113.3187516667,241.91164,174.628905,2000,250.62634,45.6880216667
6,19.5204766667,19.674045,11.3625716667,11.6877633333,5.7152616667,0,72.8919033333,16.1070743333,15.899355,43.736015,21.2340916667,140.2397616667,149.7004833333,182.6363766667,2000,178.8229733333,159.6388516667,164.0801233333,146.055455,173.9901786667,147.2725225,125.48084,132.295845,2000,121.8961583333,89.1989325,104.603955,128.8760016667,2000,119.0742966667,234.6558516667,173.5539666667,2000,279.85049,61.9473
7,25.2181433333,28.3513683333,18.8338983333,25.1185283333,29.0107033333,72.8919033333,0,1.6461093333,66.195875,37.4960483333,153.1699033333,166.06865,2000,190.2183983333,2000,193.03067,184.519015,186.5728033333,159.3111983333,208.590634,159.4040466667,127.6127733333,155.5786116667,2000,118.6907316667,102.3819116667,124.5969583333,114.8632433333,2000,157.4141783333,243.3039033333,183.285605,2000,280.025865,59.2732383333
8,22.5323803333,26.9173536667,21.536231,19.222251,13.9301486667,16.1070743333,1.6461093333,0,19.0110916667,30.06832,34.0104666667,174.00902,176.13071,185.867445,2000,191.20188,169.433215,192.747195,174.9190733333,171.7924186667,158.1252675,123.2451183333,130.5072025,2000,116.33392,103.1712375,112.452135,116.279635,2000,120.2624033333,245.9208216667,242.0790083333,2000,2000,61.996915
9,16.6251633333,33.0220766667,30.208725,33.8641816667,20.6503783333,15.899355,66.195875,19.0110916667,0,18.3922966667,135.392075,143.1707016667,2000,178.8720816667,2000,179.9199533333,163.92215,167.695165,150.7681516667,2000,148.48329,123.542395,119.770765,2000,110.42247,96.92644,103.313925,108.907385,2000,125.520415,2000,174.84399,2000,359.8131466667,55.5924516667
10,39.0661383333,42.94279,23.0086166667,40.6096416667,45.5939433333,43.736015,37.4960483333,30.06832,18.3922966667,0,83.25973,151.644155,169.181795,195.8433216667,2000,190.38387,173.819315,190.6406366667,162.7677483333,163.1117126667,2000,175.8140233333,125.3285833333,2000,151.5379133333,98.7689216667,113.1690133333,107.4724866667,2000,149.9404283333,245.09768,244.3696516667,2000,199.90585,60.319785
11,117.0530083333,30.5999416667,25.86768,131.87025,35.3298733333,21.2340916667,153.1699033333,34.0104666667,135.392075,83.25973,0,179.9828716667,196.9562533333,187.5268866667,2000,190.8862533333,179.5500516667,202.6687016667,189.94265,179.514404,171.520325,141.1772766667,158.6344466667,2000,114.6348216667,104.56358,121.7786733333,145.449295,2000,126.7737733333,250.7991316667,179.099015,2000,294.7393733333,103.85492
12,148.4439425,151.6493683333,125.6938416667,134.1579716667,141.0670383333,140.2397616667,166.06865,174.00902,143.1707016667,151.644155,179.9828716667,0,12.4485166667,28.5976633333,2000,46.9443933333,33.2948166667,94.90047,44.6708266667,76.0248473333,98.0357016667,136.332365,84.2585333333,2000,115.6231216667,69.952355,90.1108283333,94.0061666667,2000,117.3541783333,194.6130966667,164.317255,2000,121.436435,222.0978433333
13,162.1492225,156.82827,138.6074433333,151.1679916667,176.549335,149.7004833333,2000,176.13071,2000,169.181795,196.9562533333,12.4485166667,0,2000,2000,2000,2000,2000,2000,2000,2000,2000,2000,2000,2000,2000,2000,2000,2000,2000,2000,2000,2000,2000,2000
14,173.3090333333,164.9122733333,154.23009,158.301275,173.07938,182.6363766667,190.2183983333,185.867445,178.8720816667,195.8433216667,187.5268866667,28.5976633333,2000,0,2000,50.3008633333,42.253385,45.3855066667,44.6705083333,96.2194113333,116.8998366667,82.900025,102.5128216667,2000,101.774005,78.0856033333,95.2824816667,102.9683083333,2000,127.551275,228.3192633333,190.9998675,2000,114.12529,232.3632816667
15,2000,2000,2000,2000,2000,2000,2000,2000,2000,2000,2000,2000,2000,2000,0,46.10557,28.2570516667,56.4207433333,26.3694016667,87.6981936667,72.3660466667,77.16594,104.9715733333,2000,90.3450716667,78.7130983333,110.0000416667,144.7927033333,2000,106.594495,221.31858,203.6360516667,2000,134.4125933333,232.9409883333
16,181.4580375,169.4714,155.3347083333,173.801345,177.2813416667,178.8229733333,193.03067,191.20188,179.9199533333,190.38387,190.8862533333,46.9443933333,2000,50.3008633333,46.10557,0,54.17756,58.1301933333,35.5213183333,90.5833146667,96.624855,80.4150416667,110.6080533333,2000,80.9248233333,94.5089983333,100.3735566667,119.1165716667,2000,100.1678066667,215.197475,235.932295,2000,137.56451,226.0965666667
17,159.645595,155.6954633333,164.4553,282.367305,166.645365,159.6388516667,184.519015,169.433215,163.92215,173.819315,179.5500516667,33.2948166667,2000,42.253385,28.2570516667,54.17756,0,23.1427366667,28.8155516667,233.448239,70.749245,63.5063016667,91.5783533333,2000,69.916175,82.1375016667,88.20918,96.40253,2000,96.9860633333,201.709965,170.55651,2000,126.7084516667,196.9180883333
18,166.4903925,164.2980083333,171.711085,164.4509266667,193.9624683333,164.0801233333,186.5728033333,192.747195,167.695165,190.6406366667,202.6687016667,94.90047,2000,45.3855066667,56.4207433333,58.1301933333,23.1427366667,0,28.1879483333,73.6133266667,83.4417133333,88.9849916667,96.4301316667,2000,65.586085,84.5414083333,115.9820833333,97.6023733333,2000,101.1381666667,199.6462566667,194.669415,2000,141.8034616667,201.6830583333
19,148.2714266667,142.615965,130.774555,148.079415,145.7638466667,146.055455,159.3111983333,174.9190733333,150.7681516667,162.7677483333,189.94265,44.6708266667,2000,44.6705083333,26.3694016667,35.5213183333,28.8155516667,28.1879483333,0,61.9064446667,59.8772116667,60.80525,69.852255,2000,49.0139983333,64.59475,73.3790266667,78.3665616667,2000,85.754375,195.7992983333,159.2197933333,2000,145.54748,208.9832416667
20,133.506074,248.6167536667,187.4501496667,190.9714303333,220.8468923333,173.9901786667,208.590634,171.7924186667,2000,163.1117126667,179.514404,76.0248473333,2000,96.2194113333,87.6981936667,90.5833146667,233.448239,73.6133266667,61.9064446667,0,35.91222,41.539405,53.65804,2000,52.1591725,52.8181883333,57.1830033333,60.843855,2000,76.9491333333,162.3794983333,211.76327,2000,180.3608475,2000
21,134.64924,135.15819,123.7768766667,159.030555,144.81265,147.2725225,159.4040466667,158.1252675,148.48329,2000,171.520325,98.0357016667,2000,116.8998366667,72.3660466667,96.624855,70.749245,83.4417133333,59.8772116667,35.91222,0,52.4615816667,53.4291933333,2000,44.754865,56.5354316667,70.2797583333,73.314015,2000,57.4186033333,198.1311466667,220.0696816667,2000,182.3864766667,186.891055
22,122.115325,132.7896033333,129.6779266667,109.7730816667,120.374685,125.48084,127.6127733333,123.2451183333,123.542395,175.8140233333,141.1772766667,136.332365,2000,82.900025,77.16594,80.4150416667,63.5063016667,88.9849916667,60.80525,41.539405,52.4615816667,0,63.1476916667,2000,46.2688133333,59.2699966667,45.60151,76.17772,2000,77.89115,159.3096233333,282.1812666667,2000,171.1411033333,157.4351416667
23,121.75367,126.617195,129.388625,136.5603316667,131.137795,132.295845,155.5786116667,130.5072025,119.770765,125.3285833333,158.6344466667,84.2585333333,2000,102.5128216667,104.9715733333,110.6080533333,91.5783533333,96.4301316667,69.852255,53.65804,53.4291933333,63.1476916667,0,2000,65.8617966667,58.310975,41.711315,50.9028516667,2000,58.9279416667,167.3750966667,231.4458666667,2000,194.8111683333,2000
24,2000,2000,2000,2000,2000,2000,2000,2000,2000,2000,2000,2000,2000,2000,2000,2000,2000,2000,2000,2000,2000,2000,2000,0,64.4745866667,53.8323283333,63.315235,72.195355,2000,90.2094716667,149.3110516667,254.75634,2000,199.6016683333,2000
25,105.74208,100.19231,93.9058483333,102.594115,106.2451833333,121.8961583333,118.6907316667,116.33392,110.42247,151.5379133333,114.6348216667,115.6231216667,2000,101.774005,90.3450716667,80.9248233333,69.916175,65.586085,49.0139983333,52.1591725,44.754865,46.2688133333,65.8617966667,64.4745866667,0,21.741275,29.76724,36.7577333333,2000,41.181505,152.3916266667,232.119845,2000,152.2168166667,154.302705
26,79.8536816667,85.3694866667,75.3014233333,88.6374925,84.868635,89.1989325,102.3819116667,103.1712375,96.92644,98.7689216667,104.56358,69.952355,2000,78.0856033333,78.7130983333,94.5089983333,82.1375016667,84.5414083333,64.59475,52.8181883333,56.5354316667,59.2699966667,58.310975,53.8323283333,21.741275,0,13.9759116667,21.13402,2000,61.0803333333,148.3866833333,228.369105,2000,164.9936933333,2000
27,151.43389,102.147475,99.4771516667,103.27754,159.6530016667,104.603955,124.5969583333,112.452135,103.313925,113.1690133333,121.7786733333,90.1108283333,2000,95.2824816667,110.0000416667,100.3735566667,88.20918,115.9820833333,73.3790266667,57.1830033333,70.2797583333,45.60151,41.711315,63.315235,29.76724,13.9759116667,0,30.94261,2000,69.6519366667,163.6969916667,233.8292633333,2000,187.8345666667,2000
28,96.5496225,94.0356283333,96.1248316667,120.9582833333,101.0480633333,128.8760016667,114.8632433333,116.279635,108.907385,107.4724866667,145.449295,94.0061666667,2000,102.9683083333,144.7927033333,119.1165716667,96.40253,97.6023733333,78.3665616667,60.843855,73.314015,76.17772,50.9028516667,72.195355,36.7577333333,21.13402,30.94261,0,2000,63.052645,153.5178483333,235.9133533333,2000,183.6237583333,2000
29,2000,2000,2000,2000,2000,2000,2000,2000,2000,2000,2000,2000,2000,2000,2000,2000,2000,2000,2000,2000,2000,2000,2000,2000,2000,2000,2000,2000,0,62.3397333333,152.4717666667,236.0162616667,2000,191.1791,145.2705466667
30,113.0239433333,105.6577733333,101.6931216667,120.701545,113.3187516667,119.0742966667,157.4141783333,120.2624033333,125.520415,149.9404283333,126.7737733333,117.3541783333,2000,127.551275,106.594495,100.1678066667,96.9860633333,101.1381666667,85.754375,76.9491333333,57.4186033333,77.89115,58.9279416667,90.2094716667,41.181505,61.0803333333,69.6519366667,63.052645,62.3397333333,0,183.4993275,2000,2000,202.160805,162.172805
31,229.15635,234.8449083333,232.608335,227.024655,241.91164,234.6558516667,243.3039033333,245.9208216667,2000,245.09768,250.7991316667,194.6130966667,2000,228.3192633333,221.31858,215.197475,201.709965,199.6462566667,195.7992983333,162.3794983333,198.1311466667,159.3096233333,167.3750966667,149.3110516667,152.3916266667,148.3866833333,163.6969916667,153.5178483333,152.4717666667,183.4993275,0,351.5754483333,2000,369.6557883333,274.3742566667
32,181.5615733333,184.8969783333,175.9641016667,174.1958533333,174.628905,173.5539666667,183.285605,242.0790083333,174.84399,244.3696516667,179.099015,164.317255,2000,190.9998675,203.6360516667,235.932295,170.55651,194.669415,159.2197933333,211.76327,220.0696816667,282.1812666667,231.4458666667,254.75634,232.119845,228.369105,233.8292633333,235.9133533333,236.0162616667,2000,351.5754483333,0,2000,58.0599916667,293.1999766667
33,2000,2000,2000,2000,2000,2000,2000,2000,2000,2000,2000,2000,2000,2000,2000,2000,2000,2000,2000,2000,2000,2000,2000,2000,2000,2000,2000,2000,2000,2000,2000,2000,0,2000,2000
34,239.9882683333,266.120265,248.91343,229.9342033333,250.62634,279.85049,280.025865,2000,359.8131466667,199.90585,294.7393733333,121.436435,2000,114.12529,134.4125933333,137.56451,126.7084516667,141.8034616667,145.54748,180.3608475,182.3864766667,171.1411033333,194.8111683333,199.6016683333,152.2168166667,164.9936933333,187.8345666667,183.6237583333,191.1791,202.160805,369.6557883333,58.0599916667,2000,0,2000
35,54.6639183333,60.0166366667,56.1110866667,45.8354566667,45.6880216667,61.9473,59.2732383333,61.996915,55.5924516667,60.319785,103.85492,222.0978433333,2000,232.3632816667,232.9409883333,226.0965666667,196.9180883333,201.6830583333,208.9832416667,2000,186.891055,157.4351416667,2000,2000,154.302705,2000,2000,2000,145.2705466667,162.172805,274.3742566667,293.1999766667,2000,2000,0
