Probes,1,2,3,4,5,6,7,8,9,10,11,12,13,14,15,16,17,18,19,20,21,22,23,24,25,26,27,28,29,30,31,32,33,34,35,36,37,38,39,40,41,42,43,44,45,46,47,48,49,50
1,0,28.14936,9.989122,17.0294733333,19.8131516667,24.30645,24.9586766667,22.455897,16.5014066667,17.365915
2,28.14936,0,41.1937366667,19.69841,17.2202466667,25.9967616667,28.54971,26.9156743333,33.1872716667,37.7004466667
3,9.989122,41.1937366667,0,12.4085533333,9.31721,16.2716083333,18.8297916667,21.3608446667,20.7131466667,22.8078
4,17.0294733333,19.69841,12.4085533333,0,6.51107,8.5111083333,23.5555183333,19.312323,18.71454,24.0127666667
5,19.8131516667,17.2202466667,9.31721,6.51107,0,5.6645366667,29.1825666667,13.8954726667,16.91342,24.80635
6,24.30645,25.9967616667,16.2716083333,8.5111083333,5.6645366667,0,44.9177083333,16.2023886667,16.039325,30.0799883333
7,24.9586766667,28.54971,18.8297916667,23.5555183333,29.1825666667,44.9177083333,0,2.1376803333,21.708085,21.401615
8,22.455897,26.9156743333,21.3608446667,19.312323,13.8954726667,16.2023886667,2.1376803333,0,22.044245,18.9350433333
9,16.5014066667,33.1872716667,20.7131466667,18.71454,16.91342,16.039325,21.708085,22.044245,0,18.7076916667
10,17.365915,37.7004466667,22.8078,24.0127666667,24.80635,30.0799883333,21.401615,18.9350433333,18.7076916667,0
